9141
32768
16384
1
16385
4
16389
32773
7
32776
16392
11
16396
16397
24
25
32793
32794
26
16410
32795
32797
16415
16416
32
33
32801
16419
16424
32810
16427
32812
32814
32815
32816
32817
16434
32818
16441
16443
32827
16445
61
32831
16449
32834
32835
16451
32836
69
16454
71
72
32841
16457
76
16460
77
32846
80
32848
32849
16468
32853
16469
32854
16473
32858
90
92
16476
16477
32863
96
16481
97
16482
16483
99
100
101
16486
32872
110
32882
16499
119
120
16506
16507
32892
124
128
32897
16513
132
16517
32904
136
137
16521
142
32911
144
145
16530
147
32916
16534
152
16537
16538
16539
32924
156
32926
159
161
164
16549
166
167
169
32938
32940
172
16556
16557
175
16560
177
16561
16563
180
181
32949
184
185
32956
32957
194
197
199
16584
32969
16585
32970
32971
32972
206
16590
32977
210
16596
213
32981
32982
32984
218
219
16603
220
32992
225
16611
231
232
33001
33006
239
16624
241
16625
16630
246
247
250
16634
254
16638
255
33024
258
16642
262
16647
33032
33033
33034
266
16653
270
33038
16656
16659
275
16660
276
16661
33047
281
33050
282
16667
33052
16670
16672
290
16675
16677
295
33064
297
33065
298
33067
301
302
303
33072
309
33077
310
16695
314
16700
33085
33086
33087
33092
16709
16710
16711
328
336
16720
16721
33106
338
16725
344
33114
347
33117
350
351
16737
354
16739
33127
33132
33137
16758
33144
33145
33146
381
33149
33151
33156
391
33159
393
16777
394
16778
397
33168
16785
402
33171
16787
33175
16791
16792
33176
409
413
33182
414
415
16800
33186
421
33189
422
423
33192
424
426
16817
433
33202
16818
435
16819
441
33210
33211
16828
16830
16832
448
33216
450
451
16836
33224
459
33231
16848
466
33234
16850
16853
33238
16855
16859
33243
33245
33248
482
33252
484
16871
33257
490
493
16878
497
498
33266
503
505
16890
508
509
511
33282
514
16899
515
16900
16901
517
16903
16904
521
16908
33295
33296
16913
33298
533
33301
16919
33310
16929
16931
548
16934
550
551
16937
553
555
33324
16940
556
33326
33328
16946
16947
33332
564
33335
33336
33339
33344
16961
578
33346
33347
580
33351
33352
586
16973
33357
16975
33359
592
16976
595
16980
16982
599
33368
16986
604
33372
33373
33376
33377
609
33379
33381
33383
615
17000
33384
616
617
33385
33386
618
33388
33389
33390
623
33391
17008
17010
17011
627
17013
17014
33399
17017
17018
33403
636
17020
33406
17022
33407
640
33408
642
643
17028
33413
650
17035
653
17038
654
33424
656
33427
33428
17044
17046
663
33432
664
668
669
33439
672
33440
17057
674
677
33445
33447
679
681
33449
33452
685
17069
33454
17071
33456
33457
690
33462
694
695
33463
17079
698
17083
699
702
703
33474
33475
707
33476
17092
709
712
33482
714
33484
17100
33485
718
33486
721
17106
722
17107
33491
17108
725
33494
17111
33496
728
17113
33498
33501
736
33505
738
33507
741
17128
746
748
749
17134
756
758
33527
17144
17145
33533
769
770
33539
17156
773
774
33542
33543
17160
778
781
33549
33553
33555
787
33558
17174
793
33561
17179
33564
797
17183
800
33569
804
17188
17190
807
812
17197
815
17202
17204
820
17205
17206
17208
33594
826
17211
830
17214
831
33600
832
834
17221
17225
33609
17226
847
17232
849
17233
851
852
17237
33624
17242
17244
33628
864
33633
866
33634
869
33637
33638
872
17257
17258
874
33643
33644
17260
33645
17262
17263
879
17265
33649
17266
882
889
17273
890
17274
892
33660
17277
894
17279
895
33663
897
899
33668
17285
902
904
17289
33673
906
17290
33676
17294
33679
33680
913
33682
17299
921
33691
17307
17311
33696
928
17312
929
17313
33698
931
33702
17320
937
17326
942
943
17327
947
17332
33716
33718
17334
17336
953
17337
33723
956
33725
17343
33728
17344
961
17345
963
17350
969
971
33741
17358
17360
976
977
17361
978
17362
17365
33751
17368
986
33755
987
989
33757
991
17376
994
17382
17384
33771
17387
17388
33773
1006
33774
1007
17391
33776
33782
1014
1016
33785
33786
17403
33789
17405
17407
17409
17410
1026
17411
33795
1029
17414
33799
33800
1033
17422
1040
33809
17426
33810
33811
17428
1044
33814
17431
17434
17435
1052
1053
33823
33824
1059
33830
17448
33832
1064
33833
33834
17452
1069
17454
17457
1073
1074
17459
17460
33844
1077
17461
17465
1083
1084
1087
1088
17474
1094
1095
33864
17484
1101
1103
1105
33875
1107
1108
1109
33878
33879
33880
17496
1113
17500
33889
1125
33893
17513
17515
33905
17523
1140
1142
17528
1145
17529
17530
1153
17541
1157
1158
17544
17545
1161
17549
33933
1165
33934
17552
17554
1172
1173
17561
1178
1185
33953
17570
1189
1191
33960
33963
1197
1198
17582
33969
17585
1202
33972
17591
33975
1207
33978
1213
17600
1217
1219
1220
1221
1225
1230
33998
33999
17615
17617
34003
1237
1238
1240
1243
1246
17630
17633
34017
1251
17637
1253
1254
17638
1255
17640
1256
34028
34029
34031
17648
17649
34033
17650
1268
17652
17653
34037
34038
34041
1276
34050
1282
17666
1283
1285
17669
34056
1290
1292
17677
17678
1294
17682
34066
17683
1299
1300
1302
34075
1307
17692
1309
17693
34080
34081
1314
17701
34087
1320
17708
1324
1325
17710
34094
1327
17712
1328
1330
17717
1334
34104
34105
34106
1338
34110
1342
1345
17734
17737
34121
34122
17738
1355
1358
34126
17742
17744
17745
17746
17747
17752
34136
17753
34137
17756
34144
1376
1378
17763
34148
17764
1381
17767
1383
34152
1385
1387
34155
17774
1390
34158
1393
34161
17779
17782
34169
17786
1402
34174
1406
17791
34176
1410
17794
1413
1414
34188
34190
17807
1423
17808
34192
34193
1425
1426
1427
1428
1430
34200
34201
17819
34203
1436
34205
17822
34210
1442
17828
1445
1446
17831
1447
1448
34217
1450
17834
17836
17837
34222
17838
1455
17839
34224
17841
17842
17847
1463
34233
17851
1467
34238
17854
17855
1474
1476
17860
1478
17869
34258
17875
1493
17878
17881
1500
34268
1503
34272
17888
17889
17891
34277
17898
17899
34284
17900
34287
34289
17907
34296
1529
34297
1533
17918
1535
34304
34305
1539
1540
34309
17929
1546
34314
34315
34317
1551
34320
1552
17939
17944
1560
17945
17946
1563
17949
34336
1569
1572
34340
1573
17958
34343
1575
1577
34345
17962
17963
17965
34351
34353
1585
17969
17970
34355
34356
34357
1591
17975
1592
34361
17979
17984
1604
1605
34375
17992
34378
17995
1612
34385
18004
34388
1620
18005
34389
1621
1624
18010
34394
34395
1627
34396
1629
18017
1635
34403
1636
1637
1638
18023
34409
18026
1650
1652
18039
34423
34425
34427
18043
18045
34430
1662
18047
18048
34432
34433
34434
18051
34436
18053
1672
34440
1673
34441
34442
34445
1680
1681
18066
34452
1685
18070
1688
34457
1689
1691
34460
18076
34461
1694
34467
1699
18085
18089
1706
1707
18091
1708
18093
1710
1711
18097
34482
1714
18104
1721
18107
1726
34494
18111
18112
1729
18114
1730
18116
34502
1735
34503
18120
1737
18121
1741
34509
18126
34512
34513
1746
1747
34516
18134
18136
34521
18137
1754
18143
18149
1765
1766
18150
18154
34540
1774
18160
1777
34546
1778
1781
34549
18166
1782
18167
1785
18170
1788
1789
1791
18178
1798
34567
18184
1800
18185
18186
34570
1802
18188
1808
18194
34578
1811
18196
34580
34581
18197
18198
1814
34583
1815
34584
1817
1819
34588
34589
34591
18210
34594
34596
18212
1829
1831
1833
18218
1836
18223
34608
1842
1843
1847
34618
18234
18235
34621
34623
34624
34628
34629
18246
18247
1865
34636
1872
34641
18259
1877
18262
1878
1879
1881
18266
18270
18271
1888
34656
18274
34666
34667
18284
34672
34676
1908
18293
1912
18298
18301
34685
18304
34690
1926
18312
18314
34701
18321
1937
1940
34710
18326
1944
34712
18328
1946
1948
34716
34718
1952
34722
18338
1954
18340
18341
1959
34727
18343
34730
34733
1966
34735
1973
34741
34742
18360
34746
1978
34747
1979
1981
34749
18367
1983
1984
1986
1990
1991
1992
1993
18377
18379
34763
34765
34766
2003
18387
2006
2008
2012
2013
2017
34786
2020
34789
2021
2022
18406
34791
18408
2024
2025
34796
34797
34799
34800
34801
2037
34806
2041
18425
2043
2045
34814
2049
34817
2051
18436
34820
18437
2054
18439
18440
18441
2057
2060
34828
34829
2061
2063
18447
2064
34832
18448
34834
34835
18452
2068
2069
18453
18455
34844
2076
18464
2081
2083
2085
34854
18471
18474
34860
34862
18479
34864
2097
34866
2099
18484
34869
2101
18485
34871
34872
2105
2107
34876
2109
18493
18494
34881
18499
34884
18500
18502
2120
2121
18505
18509
18511
2130
18514
2132
2134
34902
2135
18522
2139
18529
18530
18533
18534
2151
34919
18535
2152
18541
2159
18543
2161
2164
34933
18550
2169
34939
18556
18557
18559
34946
18564
2181
34952
18568
18569
18572
2191
18576
34962
34964
34966
34967
2201
18586
34971
2203
18587
2206
34975
18593
34979
2212
2213
34983
2220
34988
2221
34989
18606
2223
18608
34994
2227
18611
34996
34997
2230
2232
18616
2233
35002
35003
35004
2237
35005
18622
2240
18627
35015
2248
2250
2255
18639
35027
2260
35030
2264
35034
2267
2269
18655
2271
18656
18660
35044
35045
2278
18662
18665
35050
2283
35053
35055
35056
35059
18677
2294
35063
18680
35064
18681
35066
18683
2302
18686
18687
18688
35076
2308
35077
35079
18697
2316
35085
2318
18707
35092
2324
2325
35093
18710
18712
18716
35101
35102
2334
35103
2336
2337
18723
35107
18725
18726
2342
35110
18729
2353
18738
2354
18739
18740
2356
35124
35126
2360
35131
2365
35138
18755
18757
35142
18759
18762
35146
18770
2387
18773
2390
35160
18777
35162
2394
35164
18782
18785
2402
18786
18787
2408
18793
2410
35179
2412
35180
2413
35182
18798
2416
18800
35186
35188
2422
18807
18808
2425
2428
35197
18814
2432
35201
35203
35205
2437
35206
2440
2442
18827
35212
18830
2447
35217
18834
35220
2453
35222
35223
35224
2456
18842
18843
18847
35232
2464
35234
18850
35237
18857
18858
18859
2475
35244
2479
2482
18867
35253
35254
18873
2492
18883
18885
2502
35272
18889
18892
35277
35278
2512
18896
35281
35283
18902
2518
2519
18907
35292
2528
18912
18914
35298
18915
35300
18916
2534
35302
2536
18921
18922
2540
18924
18925
18926
35311
35312
2544
2546
35316
35317
2549
2550
18938
35326
35329
18947
35331
2563
18950
18951
35335
18953
35338
2570
18955
2572
18958
18961
18962
18963
18965
18966
35351
2584
2586
35354
35355
35356
35357
2589
2590
35364
18982
35367
18983
18984
2602
18986
18987
18989
2605
18990
18991
2608
18994
35380
18999
2615
19000
2616
35385
2617
2618
19004
2620
19007
19008
2625
35398
2631
35400
19018
19020
2639
19024
2640
35409
35410
35411
19027
2644
35416
19035
2658
35426
35427
35428
19044
35429
2661
35430
35431
19048
35433
2666
35435
19052
19053
35438
2671
19056
19057
35442
2677
19062
19063
35448
19064
2681
35450
19067
2683
19069
19071
35456
2691
19076
2693
2694
35463
2696
35465
19082
35466
2701
19086
2702
35471
19088
2704
35472
2706
2707
19094
35480
19096
2712
2715
35484
19100
35485
2718
19104
35491
35492
2725
2726
35495
2729
35498
19114
35501
2735
35503
35504
35505
19121
19122
2739
35509
35512
35513
19130
35514
35515
2748
19132
2749
35518
19136
35520
2752
19141
35527
2761
2762
35532
2767
2768
35537
2771
35540
35542
19158
35543
19159
35546
19162
19163
2779
19164
35549
35550
19167
2783
35552
19172
35557
35563
35564
2796
19182
35566
35569
19188
19190
35576
2810
2812
2816
19201
35586
19203
2819
35587
35588
2820
19204
19205
35589
2825
35595
19211
2828
35599
2831
19215
19218
35604
2836
19221
35606
35607
2841
35609
2842
19228
19230
35614
2847
19231
2848
19234
35619
19235
35622
35624
19241
35625
2857
2858
35626
35627
2859
35630
19246
19247
19248
35632
35635
35638
19255
2873
35651
2886
19272
2889
35658
19274
2892
35660
35661
2894
19279
2896
35664
2897
35665
2898
19282
35666
2900
2901
35670
2902
35672
2904
19291
19294
2913
19299
35683
2916
19304
35688
35689
35690
2923
2924
2925
35694
2927
2928
19312
2929
19315
2932
2936
35706
2939
35708
19325
2941
19326
35711
2945
35715
19334
19335
35719
2952
35721
19337
35722
35723
2956
2957
19341
2958
35732
19351
19352
35736
2970
2972
19356
35741
2977
2978
2979
19365
2982
35753
2990
2991
2992
35762
35763
35764
2997
19384
35771
3003
19388
3007
35777
19395
19396
3013
35782
3016
35790
3022
35792
35795
3028
19413
3031
19416
19417
35801
35802
3037
19429
19433
3050
3053
19439
19440
35825
3058
19443
19445
3062
35831
3063
3069
3070
19454
35840
35841
35842
35845
3080
19465
3082
19467
3090
3091
19477
3094
35864
3097
35866
3098
35868
35871
35873
3106
19494
3111
35879
35880
35881
3115
3117
19502
3118
19503
19508
35893
19509
3127
19515
19516
3133
35902
3135
19520
35904
35905
19521
19523
3140
19524
35908
19525
19526
3143
35912
3146
35916
19532
19533
35918
19535
3151
3153
3154
3156
19541
19542
19544
3161
3162
19547
35933
19551
19553
3170
3171
35939
3172
35942
3174
35944
35947
19564
3182
19569
35954
35955
35956
3193
3194
35962
19578
19579
35964
3196
3197
19581
19583
35968
19586
35974
3206
19591
3207
3208
19592
3210
3211
19595
19599
19603
3219
19605
19607
35991
3224
35993
35994
19610
35995
19612
3229
19616
3233
36003
3239
3240
36009
3242
3243
19628
19629
19632
3250
36018
3251
3252
19636
3254
3255
36023
19639
3257
19641
36025
36027
3259
19644
3262
19648
3264
36033
19653
19655
36041
19658
3277
36047
19667
19668
36054
3289
19673
19681
36065
36069
3303
19687
3304
19690
36077
19694
3310
36078
19695
36080
19700
3317
19701
19705
19708
19710
3327
3328
36096
36097
3329
36098
36099
36100
36101
36102
3336
36106
36107
19725
3343
3344
19729
3348
19732
3351
36121
3356
3358
3359
3360
36137
3369
3370
3372
36142
3376
3379
19764
3380
3383
3385
19770
36157
19774
3390
3391
19776
36161
3393
19780
36164
19781
36169
36170
3403
36172
3404
3408
3410
36178
3411
19795
19796
36181
19798
36184
19800
36185
3421
19805
36189
19809
3425
19810
36198
19815
3432
36206
3439
19824
36210
36213
3445
19830
3451
3452
19836
19837
36223
19840
36226
19845
36230
19847
36233
19850
36235
36240
19856
36242
36243
19859
19860
3477
3479
36248
3481
19865
3482
19868
19870
19871
3488
3490
19875
36261
3494
19880
36265
3500
19885
3501
36269
36273
3505
3506
19891
3509
19893
19894
36278
36279
3513
3515
19901
3518
36286
3523
3524
36292
19909
3526
3529
36298
19917
36302
36303
3536
36305
19922
3538
3539
36309
3542
19932
3549
19934
19935
36320
36324
3557
19941
3559
19943
19944
36329
19947
3563
19948
19949
19950
3566
3570
36339
3572
3577
36347
19964
3583
36354
19972
36357
19974
3590
36361
3594
3595
19980
3598
3601
36370
3602
3604
19989
3605
36373
3606
3608
36377
19995
3612
3614
20000
20001
20003
3622
20011
20013
36397
20014
36400
3632
36402
36406
20023
36409
20025
3641
3642
3645
20031
20038
20040
3656
20042
3658
36426
3660
36428
36429
20046
3663
36431
20051
36437
36440
3674
36443
36444
3676
20061
36445
36446
36447
36448
20066
3682
36451
36453
36455
36457
36458
36459
3695
20080
36465
36467
20086
20088
3707
36476
3708
20093
36478
36479
36482
3717
3718
36487
20104
36492
3725
3727
36496
3729
20117
36504
20121
20122
36507
3739
36508
20125
36509
3742
20127
3743
3744
36513
36514
3746
36515
3749
20133
20138
20139
3757
3758
36527
36530
36531
20147
3765
20152
3768
36537
20155
20156
3776
36545
36547
20164
36548
3781
20166
20167
36555
3787
20172
3792
20176
36561
36563
20181
3804
36572
20188
20189
36573
36574
3807
36579
3814
3815
20199
36584
3816
20201
36586
3820
20204
20205
3822
3823
36591
36593
3825
36594
3828
20213
3829
36598
20215
36600
3832
3833
20219
20220
36607
3839
36610
36611
20228
3845
20231
36616
3848
36617
20233
36619
36620
36623
36625
20242
36628
3860
20245
36630
36631
20248
3865
20251
20252
20254
3871
20256
3873
36643
36645
20261
3878
3880
36649
20267
36653
36654
20271
3889
36657
3890
20274
3892
3893
36661
20280
3896
20281
3898
20283
3901
3903
20288
20289
3907
20292
20294
3913
20298
3915
36685
36686
36687
3919
36688
3921
36691
3925
3926
3928
36697
36698
36699
20317
3936
20323
20326
3943
3944
36715
20331
36717
20334
36718
3952
20339
3955
36725
36726
36727
20343
3959
36728
20344
20347
3968
3969
20354
20357
36744
36745
3977
3981
20366
20368
3986
36755
20371
20372
36758
20374
36760
36764
36765
36771
20388
20389
20390
20391
36776
20392
4009
36778
4010
20395
4011
36780
20397
4015
4016
4018
36786
36787
36788
36789
36790
20407
4025
36793
20412
36798
20414
20415
36799
20418
20419
20422
4040
4043
20430
36816
4048
4050
4051
36826
4058
20442
36828
20444
4060
36829
20445
20446
36830
36832
36834
4066
20450
20451
20454
20455
36840
4073
4074
36842
20459
20460
36844
4077
20464
4081
4082
20467
4083
4087
20473
4089
36858
4090
20474
20478
36864
4096
20480
36865
4097
36867
4101
4102
36871
4103
20487
20489
4106
4108
20493
36880
20497
36882
4115
20499
36887
4120
20505
4122
20507
4125
4126
20512
20513
36898
4133
20519
36904
36906
36908
4140
20525
4142
20527
36911
4143
20530
4147
4150
36918
20534
20535
36921
4154
20541
4159
36931
36936
20553
4170
36939
4176
20563
4182
20566
36951
36954
20571
36955
4190
36959
20575
4192
4193
4194
20578
20579
36963
20580
20583
36967
36969
4201
20585
36970
4202
20586
4204
36975
20591
36977
36978
36980
36982
4214
20601
36989
20605
4221
20607
20608
36992
4224
20609
4227
20611
20612
36997
20614
36999
37004
4236
37006
4242
20629
37013
20630
20631
37016
20632
4248
4252
37020
20637
4254
37023
4256
4257
20643
20646
37031
20651
37040
37041
4274
37042
37043
20660
20661
4279
4280
20664
20667
4283
37052
20673
4290
20675
37059
37063
4296
37065
4297
20683
20685
4302
4303
37072
37073
20689
37074
37076
4309
37079
4315
20701
37092
4325
4326
4327
37098
37099
4333
4337
4338
20722
37108
4340
37109
4342
20728
20735
4351
20739
37124
20741
20742
37127
37132
4364
37133
20751
4367
37135
4369
20753
37138
4375
37146
20762
4379
37148
20764
20765
20768
20769
37153
20771
37156
4391
4394
37164
37165
20782
20785
37169
37171
37178
20795
37183
37184
4417
20801
20806
37193
20812
4428
37197
4431
37199
20816
4433
20819
20820
20821
4439
20824
20825
4441
37209
4442
4443
37213
4447
4448
4451
4456
37224
20845
4463
4464
20849
4467
20852
20855
4472
20856
37241
37243
20860
20861
4477
20862
4479
37247
37249
4482
20866
37250
37255
20872
37256
20874
20875
20876
37261
20881
37267
20887
4503
37271
20889
20891
20892
37279
4512
37281
20898
4514
37284
37285
4517
4518
20903
4521
20906
4525
4526
37295
20912
20913
20916
4534
4535
20919
20922
20923
4540
37309
37310
20926
4544
20930
20932
4548
37317
20935
4553
4554
37323
4557
20942
4560
37329
37330
20947
20950
4567
20951
37337
4570
37338
37339
20958
20960
4578
37349
37350
4582
4584
4588
37358
4591
20975
37360
37361
4594
20981
4597
4599
20983
4600
20985
4602
37371
20988
4604
37374
4607
20993
4609
20994
37378
4614
4617
37385
4619
21004
21005
4624
37393
21009
21010
21011
37397
4630
21015
4632
4633
4634
37403
21022
4638
21029
4647
37415
37416
4648
21034
4651
37419
4654
37423
21039
37424
4656
21040
21044
21047
37431
21048
4665
37433
21051
37436
37437
21053
37438
37439
4672
37441
21062
37447
4679
21063
37450
4684
21069
21071
4687
37456
21075
37460
21076
37463
37464
37466
21083
37469
21085
4702
37471
4704
37472
37477
4712
21098
21099
4716
37484
4717
4722
37491
37498
37501
4733
4734
4737
21123
37509
4742
4744
4745
4746
21132
4754
21138
4756
37525
4758
21143
21145
37530
21148
4764
37533
4766
21150
4767
21151
21153
37538
37542
4775
4776
37546
37547
4781
21169
4785
21171
21173
4790
37560
4792
21177
37562
21179
4796
4799
21185
37571
37572
4805
21196
4816
37587
4819
21205
4823
21208
37593
4827
37596
21213
37599
4831
21217
21220
21221
4838
4839
21226
4846
4851
21235
4853
4855
37624
4856
4857
37625
4859
21247
21248
4866
21255
21256
4876
4877
37645
37646
21262
37648
4881
21265
37650
37651
21268
4885
4886
37654
4887
4888
4889
4890
37658
21276
21279
4895
4897
21283
37667
4900
21287
37672
21288
21289
21291
37675
21292
4908
21293
21295
4912
37681
21300
21304
21306
37691
4924
37694
4928
37698
4930
21318
4935
37705
21323
21324
37708
37711
4943
21330
37714
4946
4947
21332
37716
21333
37717
21334
4950
4952
21342
37729
37732
4964
21350
21351
4968
21352
4969
37738
4970
37740
21358
4975
21359
21361
4977
21362
37749
37750
4985
21370
4991
37760
21376
37761
21378
37765
21382
37768
5001
5002
5004
37773
5007
5009
21394
21396
21397
21399
37784
37785
5018
37787
21405
5021
37789
21406
5023
21407
37793
37794
37795
21411
5027
21412
5028
5030
37798
37799
37801
5033
21419
21420
5039
21424
5041
37810
21428
21430
21432
21433
21434
5052
5053
37822
5055
21439
21440
37825
5060
21444
21445
5062
5064
5065
37834
37835
37837
5071
21457
37842
21459
37846
37847
37848
5082
21467
5083
21468
37855
21479
5098
21484
5101
37876
21494
5111
5118
37887
21503
37889
21506
5123
37891
5124
37893
5126
21513
37897
37899
5134
37904
5136
21521
5138
37906
21522
21526
21527
37914
21530
37916
5150
37920
21539
5159
21545
5164
21548
37933
5166
5169
37939
5171
21555
21556
37942
5174
37946
21564
5182
37952
5185
21569
21572
37956
21576
5192
5195
21580
37965
21587
21588
21590
21591
37976
21594
5211
21597
5213
21599
37984
5216
5218
5221
37990
37992
21608
21609
5226
5228
37999
5234
21618
5235
21620
5237
5238
38008
5244
21629
5248
21633
38020
5252
38022
5257
21641
5259
5260
38029
21650
38034
21651
21652
21655
5273
5274
21658
21664
21666
21668
38053
5285
21670
38056
38057
21674
5290
5291
38059
21675
38060
21676
38063
5297
38071
5303
38072
21689
5308
21693
5310
21695
38079
38080
38083
21702
5319
38090
21706
38091
21710
21711
38095
21714
21716
21717
21719
38104
21720
5340
21726
21728
38115
5348
38119
21736
5353
5354
38125
5361
5364
21749
5366
38135
5368
38137
21753
21755
5372
5374
38142
21759
38146
21765
5381
5385
38153
38155
21775
5391
5392
21777
38161
21778
5395
38163
38164
5397
38168
38171
38173
21790
5407
21791
38175
38176
38177
21795
21800
5417
38186
21802
38191
21808
21810
5427
21813
5429
38197
5431
38199
5432
21817
38201
5434
38202
38205
38206
38208
21825
5441
21826
38212
21829
5447
21831
21832
38217
21833
21835
21836
5453
38221
38222
5456
21841
38225
38226
5458
38228
38229
5461
38232
5464
38233
21849
21851
38236
38237
5469
38245
38246
5480
38249
38254
5491
38259
38260
21878
5494
38264
21880
21883
5500
38268
5501
21885
21886
5503
38273
38274
38277
38278
21896
5512
38280
5513
5514
21898
21900
38284
38285
38287
5519
38288
21904
38289
5521
38291
38292
21910
38295
21912
21913
38298
38301
21924
21925
21926
5542
5543
21928
5546
38314
38315
5548
21933
5553
21938
21939
5555
5556
5558
5559
5562
21949
38333
38335
38337
21954
38339
5572
5576
21966
5583
5584
5585
5586
38356
5589
38358
21975
38360
38361
38366
38371
38378
5610
5611
21995
21997
21998
22000
5617
22004
22005
5622
22008
22009
38394
22011
22012
5628
22014
38399
38401
38402
38404
22021
38406
22023
5641
38411
5647
22033
22036
38421
22037
38422
5655
38424
38425
5660
5661
38429
38430
38432
5665
22050
38434
22053
22054
5671
5672
5674
5675
22059
38444
5678
22063
22066
5683
38453
5686
38455
5689
38457
38458
22074
38462
5694
38464
38465
38466
5699
38468
5703
5704
22088
22089
5706
38474
22090
38475
5707
38476
22092
5710
38480
22098
22102
22103
38487
22104
22105
22106
5723
5726
5727
38497
22113
22114
5732
38501
5733
22118
38502
38503
22119
22122
5741
38510
38513
22131
38515
38517
22137
5755
5757
22142
22143
38528
38529
5761
5762
38532
22151
38535
38539
38543
5776
38544
5780
22164
5782
22166
5783
38551
22173
38557
5790
38558
22174
38559
5791
38560
38562
5795
38564
22181
22182
5799
5800
22184
38568
38569
5802
38570
5806
38575
5808
22192
38577
38579
38580
5813
22202
5818
38587
38589
5822
38594
22210
22211
38595
22213
5829
5833
22218
22219
5837
38610
22226
38612
38613
22230
22232
5850
38620
22238
5855
22239
38624
5858
38627
22244
22245
5861
38631
22248
22250
22251
22253
5871
22256
5873
5874
22259
5875
38644
22260
38647
22264
38651
5884
38654
5886
22271
5889
38659
38660
5895
38663
22281
38665
5899
38668
5901
38670
5904
38673
5905
22290
22291
5907
38676
38677
5909
5910
22297
5913
5914
38682
22301
5917
38686
5918
22304
5925
38702
5935
5937
22321
5939
5941
5943
5946
5949
22333
38718
22334
38721
22337
38722
5960
5961
38729
5967
22351
38740
5974
38743
5976
38746
5980
22366
38750
22367
38754
22371
5993
5994
5995
38763
22380
5997
38766
38768
38769
22386
6004
6008
38777
38779
22397
22403
6029
22413
22414
6030
6031
22416
38800
22418
38804
22421
22425
6045
38813
6048
38816
6051
22436
38821
38823
22440
6059
38828
22445
6061
38832
6064
6065
38835
6067
38836
6070
22457
6073
38842
6077
22462
6078
22463
6082
22466
38851
6084
6085
38855
38856
6089
6090
22474
22477
22478
38863
22485
6101
38869
22488
6106
6107
6108
38876
6110
22497
38888
22508
6125
22510
22512
6130
38899
38900
38902
6134
22519
22520
22521
38908
38911
38912
38914
38915
38916
22535
38921
38923
38924
6158
22543
6159
22547
38931
22548
38933
6165
6166
22550
22554
38939
6171
6173
38942
38945
22562
6181
38951
22568
38953
22572
22573
38962
38963
22581
6199
22584
22586
6202
6204
6205
38973
6206
22590
22591
6208
22593
6212
22599
6215
6216
22602
6218
38986
38987
22604
38991
38992
38993
38994
22616
22621
6243
22628
6245
6246
22631
22632
6252
22636
6253
6257
6259
6261
39031
6264
39032
22649
39036
39038
6272
22656
39041
22657
22660
39044
22662
22663
6279
39047
22666
22667
39052
22668
6285
22670
39054
39058
22674
6291
22680
22683
6299
22685
6306
39075
6307
6312
39084
6319
6321
39089
6323
39094
39095
39096
22713
39097
39098
39099
6332
6333
6334
22719
22720
39114
22731
6349
39118
6350
22737
6354
6355
39124
39125
22741
6358
39127
6360
39130
22746
39131
6367
6371
22755
6373
39148
6381
39149
22767
22768
22770
39156
22776
6393
39163
39164
22784
6401
22786
6404
6406
6407
39175
22792
22793
6410
6411
39179
22797
6414
22803
22804
6423
22810
22811
22813
6430
22817
22818
6436
39205
22822
22823
22826
39211
6443
39212
22833
22834
22837
6454
22838
22839
39224
22841
6457
22843
6460
6462
22848
6466
22851
39237
6470
22857
39241
22859
39244
22861
22862
39246
22863
6479
22864
22865
22866
39251
6484
22868
39253
22869
22870
6486
39255
22871
22872
22874
39260
6492
22877
39263
6497
6502
22888
39273
39274
6508
22894
6511
39280
6515
22899
39284
6518
6519
39288
39290
6524
22909
39293
39294
6527
39300
39301
6534
39302
6536
39304
22921
39305
22922
39307
39308
39309
22926
22929
6546
39314
22933
39317
6550
39319
39320
22936
39321
6554
22939
6556
6557
6558
39328
22945
22946
39331
39333
39336
6569
6570
22955
39340
6573
22957
6575
22960
6577
6578
39346
39348
22966
39351
39352
22971
39356
6588
22973
6590
6593
6595
39364
6597
6598
22983
6600
6601
22986
39370
22989
6605
6607
6609
6610
22995
22998
6614
6617
39388
39390
39391
39394
39397
6630
39399
39406
6639
23023
23026
39411
6643
23029
23032
6648
39417
23034
23035
39419
6653
6655
39424
23041
39428
6661
39430
6665
23049
39434
6668
39437
6670
6675
23059
39444
23060
39445
23061
23064
23065
6683
23068
39453
6687
23071
39457
39459
23081
23082
23083
23089
6705
23095
6713
39486
6720
23104
6721
23107
39491
6723
39493
23111
39498
23115
39500
23116
23117
39502
23118
39503
39504
23120
6737
6738
23123
23125
6741
23126
39513
6746
23131
6748
23133
6749
39520
6752
39521
6754
39522
6755
39525
39528
23144
23145
39529
23147
6763
6766
6768
6769
23156
23157
23158
6774
39544
39545
39547
6779
6780
6783
23168
23169
6792
6797
23183
23184
6801
39570
6803
39571
23187
6804
6807
39576
39577
23195
6811
23196
6814
23199
39584
23201
39586
23203
39589
6823
6829
39597
6833
6834
6836
39606
6839
23223
23225
39612
23229
23230
23231
6847
6850
6854
23241
6858
39626
23245
39630
6863
39631
6865
39636
39638
39641
6875
23259
23260
39646
39647
23265
39649
6882
6883
23268
23270
6887
23272
6889
23276
23277
6895
23282
6899
39670
23286
39671
23289
39673
6907
23292
39677
6912
23297
39681
39683
6917
39688
6920
23307
6923
23310
6926
39695
6928
6929
6930
39698
23316
6937
6938
6939
23323
6941
23325
6943
23334
6951
23336
6952
23337
6953
6955
23340
23341
23343
6962
6965
23350
6967
23351
6970
23358
6976
23364
6980
6982
23366
6985
23369
23370
6989
23376
6996
23381
6997
6998
23387
7010
7011
7015
23400
7023
23410
7027
7028
7031
7034
23419
23422
7038
7041
7045
7056
7059
7061
7063
23448
23454
7070
23462
7079
23463
7083
7087
23472
23474
7091
23476
23477
7096
7098
7099
7100
23484
23485
7101
7103
23487
23489
23494
7110
23495
23496
23497
23498
7118
23504
7125
23510
23511
23514
7134
23523
7139
23525
23537
23538
23540
23541
23542
7158
23543
23544
23546
23550
23552
7168
23553
7169
23554
7171
7173
7175
7176
23561
7181
7185
7189
7195
23580
7197
7199
23585
23586
23587
7208
23593
7209
7210
23601
7218
7220
7221
7223
23608
7224
7225
7228
7230
7231
7232
7233
23620
7236
7238
7239
23623
23624
23625
23628
7244
23632
23634
23640
7256
23642
7261
7262
7263
7266
23651
23653
7272
7273
7276
23669
7287
23676
7293
23677
23679
23680
7297
7300
23686
7303
7304
23692
7308
23694
7313
23697
23701
7322
23715
7331
7333
7334
23719
23721
7338
23723
23726
7342
23728
7345
7346
7347
23732
7350
7351
23737
23738
23741
23742
23743
7359
7363
7364
7367
7368
23755
7373
7376
7379
7381
7382
7384
23771
23776
23778
7398
7399
23788
23789
7406
23790
7408
7410
7416
23801
7421
23806
23807
7424
7426
7428
23813
7430
7433
23818
7439
23827
23829
7446
23830
23831
23832
7450
7451
23836
7454
23839
7457
7459
23844
7461
23848
23849
7466
7467
23855
23857
23860
23863
7481
23865
7482
23868
23870
23872
23873
23877
7496
23880
7498
23885
7505
23890
7510
23896
7512
23898
23901
7519
7522
23907
7523
7526
23910
23912
7532
23916
7534
23918
23919
7538
23923
7543
23928
7545
23936
23937
7554
23942
23944
23945
23946
7562
23949
23950
7567
7568
23957
7576
23961
7579
7580
7581
23967
23968
23970
7589
23979
7596
23981
23984
7601
23985
23988
23989
7608
23992
7609
23995
7613
23998
24001
7618
24004
7620
24007
24014
7632
24020
24028
7646
24035
24036
7653
7654
24039
7660
7664
24048
7670
7676
24062
7679
24063
7682
24067
7686
24070
7688
24075
24076
24079
7696
7697
7698
7699
7704
7707
24091
24092
24093
7712
24101
7719
24105
24112
24114
24115
24116
24120
24122
7744
24131
7747
24134
24135
24137
7753
7755
24139
24142
7758
7761
24148
24152
24155
7771
7775
7780
24165
7782
24171
7787
7789
24185
7802
24189
7807
7810
24195
7820
24206
7822
24210
24213
7829
7830
24217
7836
7838
24223
7842
24227
7847
7851
7853
24238
24239
7856
7859
24244
7864
7867
7869
24254
24258
24259
24260
7880
7884
24268
7886
7887
7889
7890
24275
7893
24278
24281
7900
24289
7907
7908
7909
7910
24300
7920
24305
7922
24306
7925
24310
7927
7928
24316
7933
24319
24321
24323
7940
7942
24326
7943
24327
24328
7946
24330
7947
7949
7951
24337
7953
24338
24342
7958
7961
24348
7966
24351
24352
24354
24355
7972
24361
7979
24366
7984
7986
7997
7999
8002
24387
8006
8008
24393
8010
24402
8028
24413
8029
8030
24416
24417
24418
8041
8043
8045
24438
24442
24446
24447
8066
24453
24455
24456
8075
8076
24461
8077
8086
8087
8089
8090
8091
8095
8096
24483
24484
24485
8112
24499
24500
24501
8117
8118
8123
8125
24510
24512
24516
24517
8138
24525
24529
24535
8151
8153
8157
24543
8163
24547
24548
24549
24551
8167
8171
8173
24557
8174
24559
24560
8185
24571
8189
24575
24578
24580
8198
24582
24584
24585
24592
24593
8212
8214
8215
24600
8217
24602
8220
24605
24606
8222
8223
24608
8224
24616
24617
8234
24624
8241
8242
24628
24629
24630
8251
8253
24643
24644
8262
8265
24649
24651
8268
24652
24655
8276
8278
24662
8279
8281
8284
24668
8287
24672
8291
24678
24682
8302
24687
24689
8305
8309
24694
24695
8314
24698
8315
8317
24701
8318
8319
24704
8321
24707
8324
8326
24711
8332
8333
24718
8335
24719
8337
24721
24722
8339
8341
24726
24731
8348
24734
8356
24742
8360
24746
24747
24749
24756
8373
24757
24759
8378
24763
8380
8383
8384
8391
8394
24779
8400
24788
8405
24794
24797
8413
8414
8415
8420
8421
8425
8426
24813
8435
8437
24821
8439
8444
24828
24834
24836
8454
8456
8458
8460
24844
8461
24847
24848
8471
24858
24863
24865
24869
8491
24877
8494
24879
8496
24880
24882
24885
8503
24888
8504
24891
24893
8512
24898
8515
8517
24904
24905
24907
24908
8525
8529
8532
8534
8537
24922
8540
8541
24929
24934
24937
8554
24940
24942
8564
8567
24951
24953
24963
8582
24966
24969
24971
8587
24972
8588
24977
8595
24980
8599
24983
24984
8600
24985
8601
24986
8604
24992
24993
24995
8612
24996
8614
8616
25000
25001
8625
25010
8630
8633
8634
8636
25022
25023
8641
25025
8650
8658
25044
8661
25048
25050
8674
25061
8679
25063
25064
8686
25071
25072
8689
8691
25077
8694
25079
8696
25080
25082
8700
25088
8705
8708
8710
25096
8717
8718
25103
8721
8723
25107
8724
25112
25114
25118
25119
8737
25125
8745
8748
25132
8749
8750
8754
8755
8756
25141
8759
8761
25147
8765
25151
8767
25153
25156
8772
8773
25160
8777
8778
8784
25168
25169
25170
8786
8789
25174
25175
8791
8796
25180
25182
8800
25184
25185
8808
25195
25201
8818
25204
8821
8822
8823
25211
8827
25213
25215
8832
8833
8835
25224
25225
8842
8847
25232
25240
25243
8859
8862
25246
25256
8872
25258
8882
25276
25277
25278
25280
8898
25282
25284
8901
8903
25287
25288
25289
8906
25290
25292
25293
8911
8912
25299
8917
25303
25305
25306
25307
8924
8926
25313
8929
8933
25320
8937
25324
25327
25330
8948
8949
25336
8953
25340
8963
25349
25350
8968
25360
25362
8983
8987
25373
8989
25374
25379
8999
25385
9005
9007
9008
9010
9012
9013
25400
25401
9020
25408
25410
9028
25413
25414
25419
9037
25422
25423
9039
9044
9046
9047
9055
25442
9061
9062
9065
25450
25453
9071
9073
25458
9081
9083
25468
9084
25473
9091
25477
9096
25480
9097
25483
25485
25486
25492
25496
9112
9114
25500
9117
25502
25503
9121
9122
25507
25510
9129
25518
9135
25520
9136
25521
9138
9144
25529
9148
25532
25536
9153
9155
25544
9164
25550
9167
9168
25552
25555
9171
9173
25558
9174
25560
9176
25562
9184
9186
25571
9187
25575
25576
25577
25579
9195
25580
9199
25585
25587
9204
25590
9206
25591
9208
9218
25604
9222
25606
9223
9226
9227
9228
25613
25614
9231
9235
25622
9240
9242
25628
9245
25631
25633
25637
25645
9262
9264
25649
9267
25658
9274
25661
9280
25670
25674
25675
9292
9293
25680
9297
25682
9299
9302
25689
9305
9310
25701
9318
25705
25708
9325
25711
25712
25715
9333
9335
25722
25723
9343
25731
25735
25738
9354
25739
25743
9360
25746
9363
25752
9369
25755
9371
25756
25757
25759
25760
9377
9379
25764
9383
25770
25775
25783
9399
25785
9409
25794
25799
25805
9422
9423
25809
25810
9427
9428
25813
9432
25816
9435
25819
9438
9441
25826
9444
9445
25829
25830
25833
9450
25837
9454
9455
25842
9459
25845
9463
9465
25850
25851
25852
9472
9473
25860
25861
25863
9480
25865
9484
25870
9488
25873
9490
25876
9493
25879
9496
25880
9499
9500
9501
25896
25897
25898
9516
25903
25905
9526
25914
25920
25921
25923
9541
25926
9542
9544
9545
9546
9554
9556
9557
9558
25945
25949
25951
25957
9579
9580
25968
25971
25977
25980
25981
9598
9602
25986
9606
25991
25992
9608
9611
9614
9621
26005
9629
9634
26018
26022
9640
26025
26027
26029
26030
9647
9650
9651
9654
9656
26041
9658
26045
9661
9663
26050
9667
9671
26055
26056
26057
9673
9674
26060
26061
9681
9684
9687
26074
9691
26075
26076
26077
9695
26083
9699
9702
26089
26090
9706
9707
26092
9708
9710
9711
26097
9714
26099
9715
26100
26102
26104
9722
9726
26112
26113
26115
9732
9734
26120
9736
26122
9741
26126
9742
26131
9749
9753
9755
26140
26141
9758
26142
26143
26145
26146
9762
9764
26149
9774
26159
9776
26161
9778
26163
9779
26167
9784
9786
26170
26173
9790
26175
26177
9794
26182
9798
26184
9800
26185
9802
9803
9807
26192
26193
26194
9810
9812
26198
9817
26204
26209
9825
9829
26215
9832
9835
9838
26222
26223
9840
9841
9843
9846
9849
26238
26239
26240
9859
9860
26250
9874
9879
26265
9882
26266
26268
9884
9888
9891
26275
26276
9894
26281
9902
26287
9906
26294
9910
26296
9913
9915
9916
9918
9920
9921
9927
9928
26313
9930
9931
9933
9935
9939
9940
9941
9942
9943
9944
9946
26332
9948
26333
9949
26335
9951
26338
26339
9958
26343
26344
9961
26346
9963
9964
26349
26355
26356
9972
9976
9979
9980
26369
26370
9988
26372
26374
9991
26375
26377
9994
9995
26382
9998
9999
10000
26387
26390
10007
10010
26397
10015
10017
26402
10020
10025
26409
26410
10030
26415
10031
26417
10034
10035
26421
26424
26428
26429
10049
26433
10051
10055
26440
26441
26444
10064
26450
10070
26455
26458
26459
10076
10079
26465
10081
26466
10083
26469
10087
26473
26475
26476
26477
26478
10100
26485
10101
10102
10105
26490
10106
26492
26495
26497
26502
10120
26509
10126
26513
10129
26514
26515
26516
26517
10134
10137
26531
10152
26538
10157
10158
26544
10162
26546
10163
10170
10171
26557
10175
26559
10176
10177
26564
10182
26570
26572
10188
10193
26579
26581
26582
26583
26584
26585
26586
26587
10208
10212
10215
26600
10218
10220
10224
10227
26612
26620
10241
26629
26631
26632
10248
26633
10249
10250
26634
26636
10256
10258
10260
10265
10267
26652
26659
10275
26668
26674
26675
10293
10295
26680
10297
26682
26685
10305
26689
26690
26692
26693
10316
10319
10322
10329
10331
26715
10332
26717
26722
10340
26726
26728
10348
26735
26737
10353
26738
26739
26744
26745
10362
26749
10365
10367
10368
10370
26757
10375
26760
10381
26765
10383
26770
26777
26778
26782
26783
10400
10401
10402
26787
26789
10407
26791
26792
10410
26794
10417
26802
26803
10421
10423
10426
10427
10428
10431
26818
10436
26821
26825
26828
26829
26831
10448
10451
10454
10455
26840
26842
10459
26843
10469
10470
26855
26856
10473
26857
26858
26863
10480
26865
26867
26870
26871
10493
26878
26880
10497
10498
26884
10501
10504
26891
10509
26894
26896
26903
10520
26905
26911
26913
26916
10533
26919
26920
10541
26930
10548
10554
10558
26946
10564
26949
26950
10569
26955
10572
10576
26962
26965
10581
10583
26968
10585
26970
10592
10593
26977
26978
26981
10598
26982
26984
10601
26988
10604
10606
10607
26994
10612
10613
26998
26999
27002
27003
27004
27006
10622
27011
10627
10629
27013
27014
27015
10633
27018
27021
10639
27026
10643
27028
10645
27030
27031
27032
10648
10649
27037
10654
10656
27043
27045
27046
27047
27049
27051
10669
10670
10671
27055
27057
10673
27058
27059
10681
27065
27066
27072
27074
10693
27077
27081
27082
27088
10707
10708
27092
10709
27094
27101
10719
10721
10724
10733
10742
10746
10752
27136
10760
10762
10764
27150
27151
27155
10773
27160
27162
10780
27165
27167
27170
10787
10790
27174
27176
27178
10802
27186
10803
10804
10805
10806
27191
27192
10809
27196
10815
10817
10819
10821
27206
10826
27213
10832
10834
27220
27224
10843
10844
10847
27235
27236
27237
10856
27249
27252
27253
10870
27256
27257
10877
10884
10887
27271
27274
10893
27277
27280
27281
27284
10901
27285
27287
27289
10906
27291
10912
10914
10916
10917
10918
27305
27307
10924
10927
10928
27316
10936
27321
27328
10945
27330
27331
10949
27336
10952
27337
27339
10956
10961
27347
10966
27352
10970
10971
10972
27356
27357
10976
27362
10982
10983
27369
27373
27374
10991
10993
10995
10996
27381
27382
27383
11001
27386
11003
11004
27389
11006
27391
11013
27399
27402
11018
27403
11020
27404
11021
27407
11024
27408
11026
27412
27413
11029
27414
11032
27417
27422
27424
11041
27433
27435
11052
11053
27437
11058
27446
11062
11064
27449
27452
27453
11071
11072
27460
11079
27465
27466
11082
11083
27468
27470
27471
11093
11095
27480
11097
27483
11101
27485
27488
11106
27491
27495
11118
27508
27509
11126
27514
27516
27518
11136
27523
11141
11142
11146
27537
11154
27541
11157
27543
27546
11165
27552
11171
11176
11177
27563
27565
27566
27569
27572
27574
11193
27579
11199
11200
27585
27588
11205
11211
11216
27600
27602
27606
11223
11225
11228
27619
11236
11237
27624
11241
11242
27627
11249
11252
11253
11256
27641
27643
11259
11267
11268
27653
27655
11273
11274
27660
11277
11279
27665
11283
27670
11287
27674
27676
27677
11298
11299
11300
11303
27688
11307
27692
11310
11311
11312
11316
27700
11317
11319
27704
11321
11323
11324
11327
27713
11330
27719
11340
27727
27733
11349
11350
27736
11354
11355
11356
11357
27742
11364
27749
11366
27750
11373
27761
11377
11378
11379
27764
27767
11384
27768
11386
11387
27771
27774
11391
11395
27779
11397
27783
27784
27786
27787
27791
11408
11409
11410
27794
27795
27797
27798
11417
27804
27810
27811
11428
27812
11430
27816
27820
27823
27824
27827
11444
11449
27833
11451
27837
27839
11458
27843
27844
27845
11462
11465
11473
27861
27862
11479
27863
27865
11481
11482
11483
27867
27868
27869
27874
11491
27878
11497
11498
27883
11500
11501
11503
11504
27890
27898
27899
27901
11517
27906
11523
11524
11527
27911
11529
27915
11540
11542
11543
27927
11550
27935
27938
27939
11555
11556
27942
11560
11561
27947
27954
27956
11573
27958
11576
11581
27965
11582
27966
11585
27970
11589
11590
27977
27978
11595
27981
27983
11600
27987
11603
27988
11605
11609
27993
11610
27997
27998
11618
11625
28010
28011
11627
28012
28014
28015
28019
28021
28024
28027
11645
11648
11653
28043
28044
28046
28047
11664
28052
11670
11674
28058
11675
28063
11688
11693
28079
11695
28081
11699
11700
28085
28086
28090
11707
11708
28093
28094
11710
11711
28097
11714
28100
28101
11722
11724
11726
28113
11729
28114
11735
28122
11740
11743
11744
11747
28131
28133
28134
28135
11756
28140
11757
11766
11767
11769
28154
28155
28157
11773
28158
11783
11785
11786
11789
11797
11799
28185
11804
11807
28193
28194
28197
11815
28200
11816
11817
11819
28205
11821
11826
28211
11827
28215
11833
11837
28222
11839
11842
28227
28228
11847
28232
28236
28237
11854
28240
11861
28246
28247
11867
11868
11869
28253
28256
28257
28258
11875
28259
28263
11880
28264
28267
28268
28270
28271
28276
11896
11897
28281
11898
28282
11902
11904
28288
28289
11909
11910
28294
11911
28297
11913
28299
28300
11918
28306
11930
11932
28316
28318
28319
28323
28324
28325
11942
28336
11955
28342
11958
28345
28346
28347
11966
28350
11967
11968
11973
28358
11981
11982
11983
11984
28369
28374
28382
12000
12001
28387
28388
12005
12008
12013
12015
12016
28400
12017
28408
12025
12027
28412
12033
28418
12037
28421
12041
28427
12044
28436
12053
28437
28438
12055
12059
28445
28447
28453
12070
28457
28458
12075
12076
12077
28463
12079
12081
12082
28470
28473
12089
28474
12090
28476
28478
28480
12098
28482
28484
28486
12103
12104
12106
28492
28494
12111
12115
12117
28506
12125
28509
12126
12129
12130
12131
28516
28517
12135
28520
12137
12138
28523
12140
28528
28529
12147
28531
12148
28535
28536
12152
28537
12155
28539
28544
28546
28550
28553
28554
12170
12174
12175
28561
28564
12182
28572
28574
28576
28577
12196
12200
28585
12206
28590
28591
12210
28596
12215
28608
28609
12225
12227
12229
12235
12236
12237
12238
12242
28631
28635
12251
12252
12256
28641
12260
12261
12262
28647
12266
12270
28654
28656
12274
12276
28664
12280
28667
12285
28669
12288
28675
12293
28678
12297
28683
28685
12303
28689
28693
28695
12312
28698
12315
12316
28706
28707
12323
12324
28709
28710
12328
28713
28715
12334
12339
28733
28736
28740
12357
28742
28743
12360
12362
28749
12365
12366
12369
12370
28756
28757
28759
28761
12378
28764
28767
12383
28768
28770
28771
28772
28774
12390
28777
28779
28781
28782
12405
12406
28790
12410
28796
12413
28797
28800
12419
28803
12423
12424
12425
28811
12429
12430
12431
28816
28817
12436
28824
28826
12444
28829
12447
28833
28836
28838
12454
28839
12456
28842
12461
28856
28857
12475
12476
28862
28863
12480
12486
28880
28881
12498
12499
28898
12515
28900
12518
28902
12529
12530
28915
12533
28918
12539
12541
28926
12542
12548
28932
12549
28933
28935
12552
12553
28938
28939
12555
28942
12559
12562
28948
12567
12568
12578
28965
12583
28967
12585
12590
12593
12595
28982
28984
28986
12603
28988
28990
12607
28992
28996
29003
29006
12625
12627
12631
12634
29018
29019
12636
29020
29026
29027
29028
29031
12648
29032
29033
12651
29035
12652
29037
29042
29045
12661
29047
29049
12665
12666
12667
29052
29055
12672
29061
12685
29070
29072
29077
29080
29081
12699
12702
29086
12703
29087
12704
29089
12715
29101
29102
29103
29106
12722
29111
29113
29114
29125
12742
12744
29132
29135
12752
29137
29139
12756
12758
12759
29147
12763
29153
12770
12771
29157
12778
12780
12781
29168
29169
29172
12790
29177
12793
29181
12801
29186
29189
12814
29200
29202
29203
12821
29206
29207
12825
29210
12828
29220
29221
29226
12843
29227
29228
12845
29238
29239
12855
29240
29242
12858
12860
29244
29250
29252
12877
29264
12882
12883
29269
29274
29275
29276
12892
29282
29287
29288
12906
12907
12908
29293
12912
29300
29301
29302
29303
29307
29308
12931
12932
29316
29321
29322
29326
12942
12944
12949
12950
12952
12953
29338
29339
12958
29342
29345
29348
12966
29355
12971
29356
29357
29358
12976
12979
12980
12982
29366
29369
29372
29373
12989
29374
12991
29375
29377
29380
12996
29385
13007
29392
29394
29395
13016
13019
29406
29410
29411
13027
29413
13030
13031
29416
29417
13034
13037
29423
29430
13047
13048
13052
13054
29439
13055
29440
13056
13057
13058
29450
29452
29454
13072
29458
13077
13080
13090
29474
13092
29477
29485
29486
13112
13116
29506
29507
13129
13130
29514
13131
29516
29518
13134
13138
29522
29525
29526
29528
13147
29531
13149
13150
13151
13155
29541
13157
29544
29546
29549
29550
29551
29552
13169
13170
13172
13178
13179
13182
29567
13185
13188
29575
29578
29579
29584
13201
29587
13203
13212
29598
29602
13218
13222
13223
29608
13232
13235
29621
13239
13240
29624
29625
13241
29626
13242
13245
13247
13248
13251
13255
29642
13259
29646
13262
29648
29649
29653
13269
29657
29659
13275
29662
29666
13284
13287
13288
29673
13290
13291
29676
29678
29679
29680
29682
29683
13300
29685
13302
29690
29692
29694
13313
29700
29701
29702
29705
13322
29708
13325
29709
29711
29713
13331
13332
29717
13336
13338
13339
13341
29727
13346
29731
29736
13353
13355
13356
29743
29744
13360
13361
13362
29747
13364
29751
13367
13370
13373
13374
13376
29766
29767
13386
13387
13392
13398
13399
13400
29787
13406
29796
13415
29800
13419
29804
13421
13423
29808
13424
13425
13427
29816
29817
29821
13438
13440
13441
29826
29827
13445
13450
13452
29836
13453
29840
13456
13458
29843
29847
13464
13467
13469
29854
13474
29860
13477
13479
13480
13484
13485
13493
29880
13498
29882
29883
29884
29885
13502
29886
13503
13504
13505
29890
13508
29898
29899
29900
29907
29909
13526
29911
13528
29912
29913
29914
13534
29920
29924
13543
13547
29932
13549
13552
29938
29939
13555
13559
13562
13563
13564
13566
13567
13570
13571
29956
13573
13574
13575
29959
29961
29963
29968
13584
29976
13596
29982
29983
29985
13602
29987
29988
29993
29994
13623
30011
13630
13632
30017
13634
30023
13639
30030
30031
13648
30034
13651
30041
13658
30046
13665
30049
30053
13669
13672
30061
30063
13679
30065
13682
13683
30068
13685
13686
30073
30074
30076
13695
13696
30083
30085
30086
13703
13704
30089
30090
13707
30094
13712
13713
30104
30107
13724
13725
13726
30113
13731
13733
30117
30122
13739
30124
13740
30128
30129
13746
13747
30132
30134
30136
13753
30137
30139
30140
13756
30145
13762
30148
30153
13769
30159
30162
30163
13779
13782
13791
30181
30184
30185
13804
13806
30191
13809
30193
30194
30196
13813
13814
30201
13819
30204
30206
13823
13828
30212
30215
13832
30219
13837
13840
30224
30225
13841
30226
30229
13848
30233
13850
13851
30236
13853
13854
13855
30240
30241
30242
13861
13862
30249
13865
30250
30251
30253
13869
30258
13877
13878
13879
30266
13883
30267
13887
30272
13893
13898
30282
30283
13899
30287
13904
13905
13910
30294
13913
30299
13916
30300
30301
30302
13922
30306
30307
13925
13926
13928
13929
13932
30327
13948
13949
13950
30334
13953
13955
30341
13958
30342
30345
13961
13964
13965
13968
30353
13971
13980
30366
13984
30370
13989
13992
30377
13995
13997
13999
14001
14005
14020
30404
14022
14024
14026
30410
30414
14030
14031
30416
30418
14036
14039
30431
30432
30434
14051
14057
30448
30451
14068
30453
30457
30459
14075
30460
30461
14078
30465
30467
30470
14087
30471
30472
30474
30475
14091
14095
30484
30485
30489
14105
30491
14108
30494
14112
30501
14119
30504
30505
30508
30509
14127
30518
14140
14145
14146
14147
14148
30532
30533
14149
14150
30543
30549
30550
30557
30563
30570
14189
14190
14198
30585
30586
30589
30590
30592
14208
30594
14210
30595
30596
30600
30606
14224
30612
30614
30615
14232
14234
14236
30623
14242
30627
14244
14247
14249
30637
14254
30638
30641
30644
30645
14262
30648
14272
14274
30659
14275
14276
30661
14279
14287
14288
14290
30674
30675
14292
14295
30680
14299
30684
14301
14302
14303
14307
14309
30698
30699
30702
14321
30707
30708
14327
14328
30717
14336
30721
14338
30723
14340
14341
14342
30727
30737
14353
14356
14357
14359
14360
30745
30748
30749
14368
14371
30757
30759
30762
30763
14381
14382
14387
30773
14389
14390
30779
14396
30785
14401
14405
14413
14415
14418
30804
14424
14428
30813
30820
14437
30821
14438
14439
14441
30830
14448
14449
14450
14454
14455
14457
30842
30844
30848
14469
30854
14473
14477
30862
14480
30864
14481
14483
30870
14486
30872
30884
14500
14502
30887
14511
30896
14513
14514
14515
14517
30904
14522
30909
30912
14530
30917
30918
14537
30922
30923
14539
14541
14542
30927
30928
14544
14551
14554
14555
14562
30953
14570
14572
30958
30960
14577
14580
30965
14583
30969
30973
14594
14597
14599
14602
14603
14604
14608
30993
14610
14611
30996
14613
30998
14614
30999
14618
31002
14619
14621
31006
14623
14624
14626
31015
31017
31019
14636
31022
31027
31029
31032
14648
14652
31037
14657
14658
31043
14660
31046
14663
31049
31050
14667
31054
31057
31060
14677
31064
14680
14683
31071
14691
14693
14694
14696
14699
31085
14705
31089
31090
14709
14711
31096
31097
31102
31103
31107
14726
31110
14729
31113
31114
14731
31115
14739
31124
31127
14744
31128
14749
31136
14752
14756
31141
31142
31144
31149
31151
14767
31152
14770
31157
31161
14779
31168
14786
31175
14793
31178
31179
31180
31182
31184
14806
31191
14808
31194
14810
14811
31199
14817
14819
31204
31206
31210
14831
14833
14838
31226
31227
14844
14847
31232
31233
31235
14853
14855
14856
31241
31242
31244
14860
14864
31249
14866
31252
14872
14874
31258
14881
31266
31267
14884
31268
14885
31270
31271
31275
14891
14893
31278
14896
14897
14900
31284
14901
14904
31291
14912
31296
31298
31301
14921
14922
31306
14926
31314
31316
31317
14933
31318
14939
14945
31331
31335
14951
31338
14954
31342
14958
31343
14959
31349
14967
14970
14972
31357
14983
31370
31371
14992
14998
14999
15002
15004
15005
15008
31393
15009
31395
15014
31407
15023
31408
31410
31412
31413
15030
31414
31416
15036
31422
31423
15041
31432
15051
31436
31438
15054
15061
31446
31447
31449
31451
15068
31454
15071
15074
15075
15078
31463
31464
31465
15084
31471
15089
15092
31477
15094
31478
31479
15096
15097
31481
31483
31486
31488
15111
31496
15114
15118
15121
31510
15127
31515
15132
15134
15135
31522
31523
15140
15143
31531
15150
31538
31540
15158
15159
15161
31545
31546
31547
15168
15170
15177
31562
15178
15180
15181
15183
31570
15188
31572
31577
15196
31590
31592
31595
31596
31597
31599
31601
15222
15227
31612
31613
31620
31621
31624
15242
15243
31630
15248
15249
31640
15267
31653
31660
15277
31661
31662
31663
15284
15285
31670
31671
15292
31677
15296
15297
15298
15299
31685
31686
31688
15308
15309
31693
15310
31694
31697
15315
15317
31702
15322
31708
31710
15329
31714
31718
31720
15339
15341
15347
15350
31739
15360
31745
15362
31754
31755
31757
31758
15374
31760
31763
31764
31766
31774
15391
15392
15394
31783
31787
31788
15405
31797
31799
31803
31804
31805
15426
31810
31812
31813
31815
31817
31818
31825
15442
31827
15445
31835
31839
15457
15466
15469
15470
31859
15477
15478
31863
15479
15480
15481
15482
31866
31873
15491
31877
15497
31881
31882
31888
31898
31901
31903
31906
15525
31913
15529
15531
31918
15536
15543
31927
31929
15546
31932
15550
15554
15560
15564
31950
15571
31956
15573
31961
31962
15583
15584
31971
31973
31974
15590
15591
31980
31982
31990
15606
15608
15610
15611
31995
15612
31998
15615
32004
32005
15623
32009
15625
15626
32011
15628
15632
32016
32018
32021
32023
15639
32028
15645
32030
15652
15654
32038
15655
15656
15659
32043
15660
15662
15663
15665
15666
15674
32058
15677
32062
32065
15682
32067
32068
15686
15687
15689
32074
32076
15692
15694
15695
15697
32082
15702
32086
32089
32090
15710
15711
32095
15719
15720
15721
32106
32109
32111
32113
32124
32125
15742
32128
15745
15748
15751
32135
32141
15759
32149
15765
32150
15766
32152
32153
15774
32159
32160
32161
15780
32169
32170
32172
15792
15797
15801
32186
15807
15808
15809
32195
15813
32198
15815
15822
15823
32207
32208
15825
32212
32217
32218
15840
32225
15844
32229
15850
15852
15857
15858
32243
32247
15865
32253
15872
32257
15875
15876
32261
15881
15882
15883
15884
15886
32271
32274
15891
15893
32278
32281
15900
15901
15909
32294
32297
32300
15917
15920
15925
15926
32313
32314
15931
15932
32316
32317
15934
32320
32322
15940
32325
15943
32328
32332
15951
15957
15958
32343
32344
15960
32345
32348
32349
32350
32356
15972
32359
15976
15980
15983
32380
15997
16002
32389
32390
16006
32392
32397
32399
16015
32400
32403
32405
32415
32421
32424
16047
32432
16049
32439
16055
16056
16059
32445
16063
32450
16069
32454
16071
32456
16072
16077
32461
32462
32465
32466
16083
16084
32470
32472
32473
32475
32476
16093
16095
32479
16097
32482
32488
32489
32494
16110
16114
32498
16115
16117
32504
16123
32510
16127
16128
16130
16132
32519
32523
16140
16147
32533
32534
32535
16153
16154
32538
16159
32547
16167
16169
16170
32554
16172
32557
16178
16179
32566
16183
32576
32580
16196
16198
16199
32584
16200
16201
16203
16204
16210
32597
32598
16216
32607
16224
32615
32619
16242
16244
16248
16254
16255
32640
16256
32642
16261
16262
32646
16263
32647
32650
16267
32652
16271
32657
32659
16277
32662
32668
16291
32676
16294
32679
32680
32684
16301
16303
32688
16305
16306
16309
32694
16311
16320
32706
32710
32711
16329
32714
32719
16336
16339
16344
32729
32730
32733
16355
16357
16358
16359
16363
16364
32753
16370
16372
16375
16376
32762
32764
16380
32766
460
0
1
2
3
4
5
6
7
8
9
10
11
12
13
14
15
16
17
18
20
21
22
23
24
25
26
27
28
29
30
31
32
33
34
35
36
37
38
39
40
41
42
43
44
46
47
49
50
51
52
53
54
55
56
57
58
59
60
61
62
63
64
65
67
68
69
70
71
72
73
74
75
76
77
79
80
81
82
83
84
85
86
87
88
89
90
91
92
93
94
95
96
97
98
99
100
101
102
103
104
105
106
107
109
110
111
112
113
114
115
116
117
118
119
120
121
122
123
124
125
126
127
128
129
130
131
132
133
134
135
136
137
138
139
140
141
142
143
144
145
146
147
148
149
150
151
152
153
154
155
156
157
158
159
160
161
162
163
164
165
166
167
168
169
170
171
172
173
174
175
176
177
178
179
180
181
182
183
184
185
186
187
188
189
190
191
193
194
195
196
197
198
199
200
201
202
203
204
205
206
207
208
209
210
211
212
213
214
215
216
217
218
220
221
222
223
224
225
226
227
228
229
230
231
232
233
234
235
236
237
238
239
240
241
242
243
244
245
247
248
249
250
251
252
253
254
255
256
257
258
259
260
261
262
263
264
265
266
267
269
270
271
272
274
275
276
277
278
279
280
281
282
283
284
285
286
287
288
289
290
291
292
293
294
295
296
297
298
299
301
302
303
304
305
306
307
309
310
311
312
313
314
315
316
317
318
319
320
321
322
323
324
325
326
328
329
330
331
332
333
334
335
336
337
338
339
340
341
342
343
344
345
346
347
348
349
350
351
352
353
355
356
357
358
359
360
361
362
363
365
366
367
368
369
370
371
372
373
374
375
376
377
378
379
380
381
383
384
385
386
387
388
389
390
391
393
394
395
396
397
398
399
400
401
402
403
404
405
406
407
408
410
411
412
413
414
415
416
417
418
419
420
421
422
423
424
425
426
427
428
429
430
431
432
433
434
435
436
438
439
440
441
442
443
444
445
446
448
449
450
451
452
453
454
455
456
457
458
459
460
461
462
463
465
466
467
468
469
470
471
472
473
475
476
477
478
479
480
481
482
