3311
8193
2
8194
8196
8202
11
12
15
8213
23
24
8217
27
32
35
8227
8228
41
8235
8236
45
8239
49
51
55
8247
8251
60
62
8257
67
8260
71
74
77
8269
8270
8271
81
8274
8278
87
8279
8280
89
90
8282
92
96
97
8292
8295
8296
105
8297
8301
110
8302
8303
112
8306
116
8313
8314
123
124
129
8326
135
136
8328
137
8330
8331
8332
141
145
8337
147
8341
150
151
153
8346
156
158
161
8358
8359
170
174
8366
8367
178
179
181
183
186
8378
187
188
8381
8382
8383
8386
195
201
8396
205
8399
209
210
8405
214
216
8411
220
226
228
229
232
8430
8432
8433
243
8439
251
252
253
8445
254
259
8451
8453
8456
267
269
8461
8462
272
8466
8467
276
8468
8469
8470
280
8474
283
284
8476
285
289
8481
291
8483
294
8488
8490
300
301
302
8496
8497
306
8498
308
309
310
311
8503
8504
314
8506
8509
318
8511
8516
325
8517
326
328
331
8523
8527
336
338
8541
350
352
8547
357
360
8552
361
362
363
365
367
370
8562
371
8571
8572
8575
384
385
8577
388
8581
390
8582
8583
392
394
8586
8589
8592
8593
402
8594
405
8600
411
8604
413
415
8610
8613
424
428
8621
8622
432
8627
438
439
8634
8636
445
446
447
8639
448
8641
8643
452
460
461
464
8658
8660
470
8662
471
8664
478
480
8673
482
8676
485
8677
487
8686
8689
8690
8693
8694
505
506
511
8705
8706
8708
8711
8713
523
8716
8717
527
8720
8722
533
536
538
539
541
542
8735
8736
8739
8741
8742
8743
552
554
8746
556
559
561
564
565
8762
573
574
575
579
8771
580
8773
583
586
8781
595
596
8790
8791
602
604
605
8797
8798
607
609
8802
8803
613
8807
619
621
624
8816
625
628
8821
630
8824
633
634
639
8832
641
8835
644
8836
645
8838
648
651
658
660
662
8858
667
669
8861
8863
8867
8868
8869
679
680
8873
8875
684
8876
691
692
695
697
8890
703
709
710
8904
8906
715
8907
8909
718
8910
722
723
724
8919
8923
732
733
8925
8933
742
8935
745
747
750
751
754
8946
8947
756
8948
758
8950
8952
763
8955
8956
8958
8961
771
8963
773
8968
777
8969
8970
8971
780
8972
782
8974
783
8976
8979
788
8980
789
8981
8983
8985
794
8988
8990
801
8999
808
9001
814
815
9007
9008
817
818
819
820
9015
9016
9017
826
9019
830
9022
9023
834
835
9030
9035
9036
9037
9040
849
851
9044
9045
856
9049
9051
9052
865
9061
870
872
873
9067
876
9070
9075
884
886
887
888
9080
889
890
9082
9084
893
9087
897
898
9091
902
9095
9096
9098
907
9103
914
916
9108
917
919
920
9114
924
9116
925
9118
9119
928
930
934
9126
936
9128
9129
9131
9132
9134
945
9138
9143
9145
9146
957
959
9151
9152
9157
9158
9159
968
9160
970
974
9169
981
9174
9175
984
9177
989
9184
994
9187
9189
999
9191
1001
1002
9194
1003
9198
9203
9207
1016
9208
1020
1021
9213
1024
9217
9218
1028
9222
1032
1033
9225
9228
9231
1040
1041
9235
1045
9239
9242
1051
9246
9248
1059
1062
9254
9255
9260
9262
1072
9264
9265
1074
9266
9271
1080
1081
9274
1083
9278
1087
1090
1092
9289
9291
9292
9294
1103
9295
9298
1108
9303
1113
1115
9308
9309
9312
1131
1133
9326
9329
1138
9330
1142
9338
1147
9339
1148
1149
9344
1153
9346
9348
1157
1159
9351
9353
1165
9362
9363
1173
9366
1175
9368
9369
1179
9372
1182
9374
1183
9375
1184
9376
9377
1186
1188
1189
9382
1194
9388
1198
1199
1200
9393
1202
1203
1204
1206
9398
9400
1209
9404
9406
9407
1219
1221
1222
1223
1224
1226
9418
9420
1235
9427
1236
1241
1242
9435
9438
1247
9439
1248
9440
9441
1251
9445
9447
1259
9453
9454
9455
1266
9460
9461
1270
9463
9464
1275
9468
9472
1282
9476
1286
9479
9481
1291
1292
9486
1297
9489
9492
1301
9499
1309
9503
1313
9508
9509
9510
9511
1321
1323
9516
1325
9517
9518
9525
1334
1336
1337
9530
9531
1340
9532
9534
9536
9537
9539
1352
9545
9546
1355
1359
9551
9552
1363
9555
9558
1367
1368
1369
1370
9564
1374
9568
1380
9572
1387
1388
1389
9583
1393
1394
1397
1398
9590
9594
1403
9595
1404
9596
1406
9598
1407
9601
1410
1411
9603
1412
9605
1415
1417
1421
1424
1427
1428
1430
9623
9624
9625
1434
9627
1436
1439
9632
9635
1444
1448
9641
1450
1451
9643
1452
9647
1457
9650
1460
1464
1465
9657
1466
9659
9660
1471
9663
1475
1476
9668
1478
1481
9676
1486
1489
1490
9684
9686
1495
9688
1498
9690
1502
9695
1505
9701
1510
9707
1521
9714
1523
1524
9718
1527
9719
1528
1529
9721
1530
1531
9723
9724
1533
9728
1538
9731
1540
9734
9737
9738
1553
9745
9746
1556
9749
9750
9751
9752
9753
1564
9759
9761
9762
9764
1574
9766
1578
9770
1579
1582
1585
9777
1586
9778
9781
1592
1593
1594
1595
9787
1596
9794
9795
9796
9800
1609
9801
1610
9802
9809
1618
1620
1621
1624
9816
9817
9818
9819
1628
9822
1631
1634
9826
1635
1637
9830
1643
9837
1646
9838
9841
9843
1653
1655
1656
9849
9850
9853
1663
1664
9860
1672
9867
9868
9869
1679
9873
9874
1684
9878
1687
1689
9882
9883
9886
1699
9891
9894
1704
1708
9904
9905
9906
9912
9913
1723
1727
9919
1730
1732
9924
1736
1738
9931
1745
9938
1747
1748
1750
1754
9946
1755
1756
1760
1761
9957
1767
1768
1772
9965
1775
9969
1778
9970
1781
1782
9974
9976
1785
9981
1791
9985
1797
1800
9992
9996
1805
9997
1808
10000
1809
1810
10003
10004
1813
10008
10009
10010
10011
10015
1825
1827
10019
1828
1832
10025
10026
1840
10033
1843
10036
1850
10045
1855
10047
1858
10052
10054
10059
1868
1869
1872
1873
1879
10073
10074
1884
10077
10079
1889
1891
1895
10087
1896
1899
1903
1906
1908
10100
1910
10102
1912
10105
1916
1918
10111
10112
10114
1924
1925
1926
1928
10120
1929
10121
10122
1933
1934
1935
10127
1939
1941
1943
10135
1944
10136
1949
1952
1954
10147
1962
10154
1964
1970
1975
1976
10170
1981
10174
1986
1987
10179
1993
1994
1996
1997
10189
1999
10192
2002
2003
2006
2010
10211
2029
10221
2030
2031
2032
2033
10227
2040
2041
2042
10234
2044
10239
2050
2051
10245
2055
10248
2060
2061
2062
10255
2065
10259
2070
10266
10267
10270
2079
2081
2084
2085
10277
10278
10279
2088
10280
10286
2096
2098
2102
10294
10297
10298
10300
2110
10302
10306
2115
10307
2116
10310
10311
10312
2121
10313
10318
2127
2128
2129
10322
2131
10323
10328
2142
10334
2143
2145
10337
10341
2150
2152
10344
10345
2154
10348
2157
2160
10352
10353
2164
10356
2165
10358
10361
10365
10366
10368
2178
10370
2181
10377
2189
10383
2193
10386
2196
2197
10391
2203
2205
2207
10400
2211
2214
10407
2218
10412
10413
10414
10419
2228
2230
2232
2234
10426
10428
10429
10432
2241
2246
2248
2251
2252
2253
10445
2254
10448
2258
2260
10453
2263
10455
2264
10456
10458
2267
10460
2269
10463
2273
10465
2274
10466
2275
10467
2277
10469
10470
10472
2281
10474
2284
10477
10478
2287
2290
2293
2294
2297
10492
10496
2307
10507
2316
10509
2318
10510
2321
10513
10514
2324
10516
2328
10521
2330
10522
2331
10524
2335
10529
2338
2339
10532
2342
10535
2346
2347
10540
2357
10549
2358
2361
10554
10555
10556
2366
2368
10564
2375
10567
10569
2379
2380
10574
2384
10577
10578
2387
10582
10583
10584
2393
10587
2397
10589
2398
2399
2401
2404
10596
2408
2409
2410
10602
2412
10605
2415
2419
2424
2426
2428
10621
10622
2432
10625
2434
2435
10627
2437
10632
2441
2442
10634
2443
10637
10639
2448
2449
10641
2450
10644
2453
2454
10646
2460
2462
2463
10655
10656
10657
10659
10661
10662
2471
10663
10665
2477
2478
10670
10672
2481
10674
2483
10677
2488
2491
10685
2494
2496
10688
2497
2499
2500
2501
10697
2507
10703
2512
10704
2514
2518
10711
10714
10718
2527
10719
2528
10722
2532
10724
2533
10726
10728
10732
10734
2546
2547
10741
10742
2554
10746
10747
10748
10750
10754
10762
10763
10764
2573
10767
2577
2578
10770
2579
10774
2583
2585
10777
2586
10779
10781
10786
10787
10789
2598
10792
10794
2604
10797
2608
2609
10801
10803
2612
2613
2615
10807
2618
10810
2619
2621
2624
10816
2625
2626
10819
10821
2630
10822
2632
10827
2636
10829
10832
10836
2649
2650
10843
2652
10844
10845
10846
2655
10849
2658
10852
10853
10857
10861
2671
2676
10869
10871
2681
2682
2685
10877
2686
10878
2688
10881
2690
10882
10883
10885
2695
2697
10890
10891
10892
2701
10893
10896
2705
2709
2710
2711
2712
10907
2717
10909
10910
2723
10918
2731
10926
10927
2737
10929
2739
2740
10933
2742
2746
2747
2750
10942
10943
10945
2756
10951
10952
2761
10953
10954
10955
2767
10960
2769
2770
10962
10969
2780
10973
10974
2783
2785
2786
2788
10981
10983
10988
2800
2801
2803
10995
2805
2806
2809
11006
2815
11007
2819
2820
11013
2823
11015
2825
2828
11021
2830
2831
2832
11027
2836
11028
2839
2842
11036
2845
2846
2848
2849
2850
11047
2859
2862
11054
11056
11057
11058
2868
11060
11061
2871
2872
11064
11065
2874
2875
11067
2876
2877
2878
2880
11072
2883
11075
2884
11076
11079
11080
11081
2891
11083
11089
2899
2901
11093
11094
2904
11097
11099
2908
2910
11105
2916
11109
11111
11114
11115
11117
2926
2929
2931
11124
11127
11130
11132
2948
2950
11142
11143
2952
11144
2957
11151
2960
11154
11155
2964
2965
11157
2967
11164
2973
2974
11167
11168
2979
11171
2980
11174
2983
2984
11180
11183
2993
11185
11186
2995
2996
11188
11189
2998
2999
11192
3003
11195
11201
11202
11209
3018
11211
3021
11214
11215
11216
11217
11219
3032
11224
3033
11225
3034
3037
11231
11236
11240
11241
3050
11242
11244
3053
11245
3056
11248
3057
11251
11254
11257
3068
3069
11261
3071
3072
3075
11267
3076
11268
3079
11271
11272
3081
11275
3084
11277
11279
11280
3091
3094
11286
3095
3098
3100
11294
11298
3109
3111
3113
11306
3115
11308
3119
11311
3121
11313
3123
11319
11320
11321
11326
3135
11327
11328
11329
3138
11331
11332
11333
11335
3146
3152
3153
11351
11352
3163
11357
11360
11363
3174
3179
11371
3181
3183
11377
11379
3188
3189
3193
3194
11387
11389
3200
11392
11396
11402
11403
11406
11410
3223
3225
11417
3226
11418
11419
3229
11422
3231
3232
11424
11425
11427
11431
3240
11432
3242
11435
3244
3245
11439
11441
3252
3253
3254
3258
11450
11453
11454
11455
11456
11457
3268
3269
3270
3271
3273
11466
11468
3278
3279
11471
3280
11472
3281
3282
3286
11481
11482
11483
3293
11491
11494
3303
3306
11498
11499
3310
11502
11504
3313
3314
3319
3320
11514
3325
3326
3327
11519
11520
11527
11530
11531
3340
3342
3343
3345
11537
11538
3348
11540
3352
3360
3368
3374
3379
3385
3389
3393
3394
3397
3399
3400
3408
3424
3425
3428
3440
3442
3443
3446
3451
3456
3459
3465
3467
3469
3471
3472
3475
3477
3485
3487
3499
3503
3505
3507
3509
3517
3518
3519
3522
3528
3533
3534
3540
3545
3546
3547
3548
3549
3552
3553
3555
3561
3574
3576
3577
3586
3587
3596
3597
3601
3604
3606
3612
3618
3619
3621
3623
3632
3633
3635
3636
3640
3642
3643
3648
3650
3653
3655
3658
3663
3667
3669
3671
3678
3680
3682
3689
3694
3695
3698
3702
3703
3705
3707
3715
3716
3720
3722
3725
3728
3729
3732
3737
3740
3742
3743
3745
3751
3753
3757
3760
3763
3769
3770
3771
3773
3774
3776
3778
3784
3785
3795
3799
3802
3807
3810
3821
3823
3824
3827
3829
3836
3837
3855
3856
3857
3860
3866
3867
3869
3871
3872
3875
3891
3894
3895
3903
3911
3912
3914
3918
3919
3921
3923
3924
3928
3931
3936
3937
3939
3943
3946
3950
3958
3959
3962
3963
3965
3969
3976
3977
3980
3983
3986
3992
3993
4001
4011
4019
4020
4021
4023
4029
4032
4042
4043
4047
4048
4049
4055
4056
4057
4060
4061
4063
4066
4074
4075
4077
4080
4091
4096
4098
4099
4113
4114
4115
4117
4121
4128
4133
4134
4135
4139
4143
4144
4146
4148
4152
4154
4165
4175
4176
4179
4181
4187
4188
4190
4192
4193
4196
4197
4201
4210
4215
4222
4227
4230
4244
4246
4249
4250
4251
4252
4255
4256
4257
4258
4262
4272
4273
4275
4277
4281
4282
4284
4289
4292
4294
4296
4299
4300
4305
4309
4310
4318
4319
4321
4327
4328
4331
4337
4343
4344
4345
4346
4347
4348
4349
4358
4368
4369
4371
4373
4375
4376
4386
4391
4393
4394
4395
4396
4398
4403
4411
4415
4420
4421
4422
4423
4424
4428
4429
4435
4436
4437
4438
4439
4446
4453
4455
4458
4470
4471
4478
4483
4488
4492
4493
4497
4500
4502
4505
4513
4522
4523
4524
4531
4535
4536
4538
4541
4542
4544
4546
4547
4550
4554
4558
4563
4566
4567
4568
4576
4577
4579
4580
4591
4600
4602
4605
4606
4612
4614
4621
4623
4626
4627
4633
4636
4640
4645
4648
4655
4656
4658
4661
4662
4663
4667
4670
4672
4679
4684
4687
4692
4696
4697
4699
4703
4712
4714
4715
4716
4721
4722
4734
4735
4740
4742
4745
4746
4747
4754
4756
4764
4768
4772
4773
4774
4778
4786
4789
4795
4796
4799
4802
4805
4807
4809
4817
4820
4830
4840
4841
4851
4853
4854
4855
4860
4862
4863
4865
4868
4870
4875
4881
4882
4884
4886
4902
4904
4915
4916
4917
4918
4924
4925
4930
4932
4934
4941
4942
4946
4947
4950
4952
4956
4959
4962
4964
4967
4968
4970
4974
4975
4976
4977
4981
4985
4987
4989
4993
4997
4999
5006
5007
5009
5011
5012
5015
5016
5019
5021
5022
5024
5026
5027
5030
5034
5036
5039
5040
5048
5052
5054
5056
5058
5064
5066
5069
5075
5076
5078
5081
5088
5091
5092
5098
5103
5106
5107
5118
5121
5127
5129
5130
5134
5135
5139
5140
5146
5148
5150
5151
5157
5159
5162
5163
5165
5166
5167
5174
5175
5179
5192
5193
5195
5198
5203
5208
5214
5215
5219
5220
5223
5226
5227
5229
5246
5247
5248
5250
5251
5252
5261
5264
5266
5267
5268
5269
5270
5272
5278
5282
5291
5294
5296
5297
5306
5310
5312
5313
5314
5319
5323
5330
5347
5348
5349
5350
5363
5366
5368
5373
5375
5376
5378
5379
5384
5386
5397
5398
5399
5401
5402
5406
5407
5409
5410
5411
5413
5416
5425
5430
5431
5434
5435
5440
5443
5444
5447
5449
5453
5454
5457
5459
5460
5475
5476
5479
5480
5483
5486
5488
5498
5499
5502
5505
5506
5507
5521
5524
5525
5526
5527
5530
5531
5532
5533
5534
5538
5539
5544
5547
5549
5555
5556
5557
5558
5559
5562
5571
5577
5578
5579
5583
5587
5590
5591
5600
5601
5603
5607
5617
5620
5622
5630
5631
5635
5640
5643
5644
5645
5646
5649
5651
5652
5656
5664
5666
5668
5669
5671
5673
5675
5679
5683
5692
5700
5702
5703
5711
5712
5713
5716
5717
5721
5724
5729
5739
5740
5745
5747
5750
5759
5760
5762
5767
5773
5774
5777
5782
5788
5790
5795
5799
5803
5805
5806
5808
5810
5811
5813
5817
5820
5826
5832
5833
5837
5840
5844
5845
5849
5854
5855
5856
5861
5862
5866
5867
5868
5869
5871
5873
5875
5877
5879
5880
5884
5885
5890
5898
5901
5904
5909
5912
5914
5915
5916
5917
5921
5924
5925
5927
5930
5931
5933
5937
5950
5954
5955
5958
5960
5969
5974
5975
5976
5979
5981
5989
5993
5994
5999
6001
6004
6005
6012
6013
6018
6022
6026
6027
6029
6037
6041
6046
6048
6052
6054
6056
6057
6058
6059
6061
6069
6071
6077
6084
6086
6088
6089
6090
6094
6095
6100
6101
6106
6110
6113
6121
6122
6127
6130
6133
6136
6137
6139
6140
6141
6145
6148
6153
6154
6155
6157
6158
6162
6163
6164
6174
6176
6184
6186
6187
6189
6190
6199
6203
6205
6207
6208
6213
6214
6220
6223
6224
6231
6234
6237
6248
6249
6255
6257
6259
6262
6264
6266
6268
6271
6272
6275
6276
6280
6281
6282
6289
6290
6296
6297
6304
6310
6311
6312
6314
6317
6318
6321
6324
6330
6333
6335
6336
6338
6340
6343
6347
6348
6353
6356
6361
6362
6363
6380
6381
6387
6394
6396
6398
6405
6411
6413
6424
6429
6431
6432
6433
6434
6435
6438
6439
6442
6444
6445
6447
6451
6452
6453
6462
6463
6465
6466
6469
6473
6477
6483
6486
6487
6489
6492
6495
6500
6505
6507
6508
6512
6514
6515
6516
6521
6523
6525
6526
6531
6533
6536
6537
6538
6545
6548
6549
6556
6563
6566
6567
6575
6581
6582
6586
6587
6590
6595
6597
6599
6601
6603
6611
6612
6614
6620
6623
6626
6627
6628
6629
6630
6635
6637
6638
6639
6640
6641
6644
6647
6653
6657
6660
6666
6670
6675
6676
6678
6688
6690
6694
6697
6698
6699
6703
6704
6708
6716
6720
6723
6726
6730
6735
6737
6741
6743
6749
6750
6754
6763
6765
6766
6769
6773
6781
6783
6793
6799
6801
6810
6811
6815
6818
6821
6826
6835
6838
6843
6846
6850
6851
6852
6858
6859
6864
6866
6867
6868
6872
6873
6881
6882
6886
6888
6893
6896
6898
6906
6914
6919
6925
6926
6933
6939
6941
6943
6945
6946
6947
6948
6960
6961
6972
6974
6975
6976
6977
6979
6984
6992
6993
6996
6997
7001
7003
7013
7017
7018
7019
7021
7026
7027
7037
7041
7045
7048
7051
7052
7054
7056
7059
7061
7071
7080
7081
7088
7089
7091
7092
7094
7102
7103
7105
7109
7114
7115
7116
7118
7126
7130
7132
7133
7138
7140
7141
7143
7146
7150
7154
7157
7161
7163
7164
7165
7167
7169
7170
7180
7184
7186
7187
7192
7194
7195
7196
7201
7205
7211
7215
7218
7219
7224
7228
7229
7231
7232
7237
7238
7239
7246
7251
7253
7257
7259
7268
7271
7275
7279
7283
7285
7288
7289
7290
7291
7292
7293
7297
7298
7299
7304
7313
7314
7319
7321
7323
7325
7326
7332
7334
7343
7345
7349
7352
7355
7356
7357
7358
7359
7361
7363
7365
7366
7372
7373
7374
7375
7378
7380
7387
7388
7406
7417
7424
7427
7428
7431
7432
7433
7435
7438
7440
7442
7443
7444
7445
7449
7453
7455
7458
7465
7469
7472
7484
7487
7488
7489
7490
7491
7492
7495
7496
7499
7503
7508
7509
7513
7517
7519
7521
7522
7526
7530
7531
7532
7539
7541
7551
7560
7562
7563
7567
7574
7575
7582
7584
7585
7590
7591
7605
7611
7613
7615
7618
7621
7623
7624
7629
7632
7633
7636
7640
7646
7648
7654
7655
7660
7661
7663
7664
7669
7670
7673
7676
7677
7678
7681
7693
7696
7702
7703
7705
7707
7715
7717
7720
7722
7723
7724
7732
7734
7736
7741
7744
7753
7756
7758
7762
7768
7769
7774
7777
7780
7786
7788
7789
7798
7805
7806
7810
7814
7816
7820
7822
7825
7834
7836
7839
7840
7841
7843
7847
7851
7857
7861
7874
7875
7877
7878
7883
7886
7887
7888
7889
7891
7896
7897
7902
7903
7906
7909
7910
7912
7914
7916
7925
7927
7933
7934
7937
7940
7945
7946
7951
7952
7955
7956
7959
7961
7966
7969
7970
7974
7975
7977
7982
7983
7986
7988
7989
7990
7992
7995
7996
8005
8016
8017
8022
8024
8025
8026
8027
8029
8036
8039
8048
8053
8058
8062
8092
8093
8096
8097
8104
8106
8107
8117
8124
8126
8128
8133
8135
8142
8143
8144
8151
8155
8156
8166
8167
8174
8176
8177
8182
8185
31
322
69
134
199
202
76
77
334
335
81
82
19
20
213
22
281
220
29
30
351
288
36
100
359
297
106
234
367
240
178
312
