1244
2
4098
2051
4101
4103
2057
2058
4106
4107
12
2065
4113
18
2070
23
24
25
27
2075
4123
2077
2078
4126
4127
2080
4130
4131
4133
2090
45
4142
4145
55
2103
56
63
2112
67
2115
2117
70
4166
2122
4177
83
2131
4181
4184
89
90
2140
4188
2141
95
2143
4192
97
2147
2149
4197
102
4199
4202
107
4203
2158
2160
115
4213
2166
4214
122
4220
125
128
2177
2178
4228
135
136
2185
4234
4236
141
142
4239
4241
2194
147
2199
4248
153
4251
159
2208
2211
166
2214
168
4264
2217
4267
2220
173
2222
4271
4272
178
4274
180
2228
4276
184
2232
2234
2239
2240
4290
197
2250
2251
4299
207
2255
213
2261
217
2268
2270
223
4320
4321
226
2274
4324
229
4330
235
2284
4333
2286
239
242
2290
4338
4339
244
246
2296
249
253
2302
4350
4351
256
2306
260
2309
4357
4358
2311
2313
267
2316
4364
270
273
2322
2324
2326
4378
2333
2334
2335
290
4388
293
2342
296
4394
2347
4395
303
304
2352
2355
4403
313
2361
316
317
4413
318
4415
4417
324
2372
327
2375
4425
4426
2380
333
2383
4431
2384
2385
4433
2386
4434
342
344
4440
2394
2396
2397
352
2401
2403
357
4453
2406
4455
360
2410
363
2411
4459
4460
2413
2414
2415
4463
4465
372
2422
379
2428
4476
382
4478
383
2432
4480
385
2433
2435
2436
4484
4485
390
4486
2443
398
4494
4496
402
4499
2452
2453
4501
4502
2457
410
413
414
2462
418
2467
420
2470
4519
426
2474
430
2483
2484
2485
2491
2492
2493
446
449
452
2501
4549
4550
4551
457
2505
4554
2507
2508
4556
2509
4561
4562
467
4563
2516
476
4573
4574
479
2529
484
4582
2536
4585
4586
493
494
2543
499
4595
4596
501
4599
504
2552
4600
506
4602
4603
2556
2557
512
4609
4610
516
2564
4612
4614
2568
2572
4623
529
530
2582
536
2584
4637
543
2591
2592
2593
4641
2595
4643
549
4645
4647
4648
4649
4650
4651
559
2607
562
4660
2613
4662
567
4666
572
2621
4669
2622
2624
4672
578
4675
4676
2629
582
4680
4681
587
4683
589
593
2641
594
2643
4692
2645
4694
4695
2651
2652
605
4701
2654
4702
2655
4704
2657
611
4707
2665
4714
2667
4715
623
2671
4719
2673
627
4723
2676
2677
4728
4732
637
2686
4736
2689
2690
4739
2692
4741
646
647
4743
649
4747
4750
4751
2704
4756
2712
666
2714
667
2715
4767
673
2726
679
4777
686
2734
2737
4789
694
2742
695
2743
2745
699
4795
700
4800
2754
2755
4803
708
2756
2757
2758
4806
4809
2762
4810
4811
2764
719
2767
4815
2768
721
4818
4819
725
4821
2776
732
2790
4838
744
2792
745
746
4843
748
4847
753
2801
4849
4851
2805
758
761
765
4863
768
771
772
2820
2823
4872
777
778
4874
4875
780
784
786
2834
788
2838
4886
4887
2841
2842
798
800
2848
4896
801
2851
4899
805
2854
807
2856
2857
810
2858
4906
2859
4913
4914
819
2867
4917
4918
825
2873
4921
2878
4926
834
837
2885
4934
4937
843
845
851
2901
856
4952
4954
2908
861
2910
866
2914
4963
2916
4964
4965
872
4969
874
4970
2927
882
2930
4982
2935
4983
889
891
4987
4994
4996
2950
904
5000
2953
907
5003
5009
917
5014
919
921
2970
5019
5022
2975
2978
5026
2979
932
2980
933
934
935
5031
5034
5035
941
942
5038
943
5039
2993
947
5044
5046
2999
952
5048
953
3005
5053
959
5056
3011
3013
5063
5064
971
3021
975
5072
5074
980
3029
982
3030
5078
984
5081
3034
5083
5084
3037
5085
5086
3039
5087
992
993
3042
3043
996
3044
3045
5093
998
5094
3047
5095
1001
1003
1004
3054
5103
1009
1010
3060
1013
1014
5111
5112
1019
5115
3070
1023
3071
1024
1025
5121
5123
1029
1031
3080
1033
5136
3089
3090
3091
5139
1050
3100
3101
3102
1055
1056
1057
5153
1059
1063
3111
1065
1068
1069
5165
1070
5166
1071
5167
3120
1073
5169
1074
1078
1079
3130
5180
1085
3133
1086
3134
5182
1088
1089
3139
3140
1096
3144
5192
1097
5193
1098
5194
5197
1104
3155
3158
5206
1111
5207
1112
3160
5210
1115
1118
5214
5216
1124
5222
1131
5227
1133
3181
1136
5235
1140
3189
5238
1144
1145
3193
5242
1147
5248
5250
3204
5252
3205
5253
1160
1162
3212
1166
1167
1168
3217
5265
5266
3219
5267
1174
5270
3224
1177
3225
1179
3229
5277
1182
1183
5279
3234
5291
1196
3244
1200
1201
3251
3252
5301
1207
5303
1208
3256
1209
3257
5309
1215
5311
1217
5314
3267
1221
3270
1224
3272
5320
3273
1226
3274
5323
3276
3279
1235
5332
5334
5335
1241
5338
3291
3292
5340
5341
1247
3295
5343
1251
3300
3301
1256
1260
5357
1263
5359
1265
1268
5365
3320
1273
3322
5370
3325
3326
1281
3329
3330
3331
5382
5385
3338
3339
1292
3340
1293
5389
3342
1295
5391
1299
3348
3350
5398
1303
5400
5401
3355
1308
1310
3358
3359
5408
1315
1317
3365
1318
1319
3369
5417
3370
3372
1326
3374
5422
3375
3376
1329
5426
1332
3380
1333
1334
5431
3384
3388
5436
1341
3389
5438
5440
5441
3394
1347
3396
3397
3399
5447
3400
1355
5453
1362
3410
5458
1364
3414
3415
3417
1370
3418
1374
3422
3424
1377
3428
5477
1382
5478
1383
1384
5484
1389
5485
3439
1393
1396
1398
5494
5496
3452
5500
3456
1409
5505
1413
3461
5515
3468
1421
3469
1424
3472
1426
5524
3477
1430
1433
3481
1434
3482
1436
1437
5534
5536
1441
3490
5538
1446
5542
1449
5546
1451
3499
1452
1453
5553
1458
5555
5556
1461
3510
1463
3513
5561
5563
1468
5566
1471
5569
5572
3526
5574
5576
3530
3532
3533
1486
3536
3537
3539
1493
1496
1497
3545
1500
3548
3549
1503
3551
3553
1510
3562
3566
1519
3569
3571
1524
3572
1527
1528
3577
1532
3580
1533
3581
3582
1535
1536
1540
3589
3590
1543
1544
3593
1548
1550
1558
3609
1562
3613
3614
1569
1576
3624
3626
3627
1580
3629
1582
3633
3639
1594
3643
1596
1597
3645
3650
3651
1604
3658
3660
1614
3663
3666
1619
1620
3668
3670
3672
1626
3679
3680
1636
3684
3685
3692
1648
1649
1656
1657
3705
3707
1660
1662
1664
1671
3719
1672
3726
3727
1680
3728
1682
3730
1683
1684
1688
3738
1691
1699
1700
1701
3750
1703
3751
3757
3758
1715
3763
1717
1721
1723
1728
3777
3785
3786
1741
1744
3792
3793
3800
1753
1757
1760
1766
3814
1770
1771
1775
3826
3827
3830
1784
1786
3837
3842
1797
3847
1803
3854
1810
3860
3861
1816
3865
1818
3868
1823
3877
3878
1840
3889
3890
3891
1844
3895
3901
1857
3908
1864
3914
1867
3917
1870
3919
3920
1873
1875
3939
3941
3950
3951
1909
3958
3962
1915
1920
1927
3980
3981
3983
1936
3984
3985
1939
1943
3991
3992
1950
3999
4001
4004
1960
1961
4009
1966
4016
1972
4020
4023
1981
4029
1982
4034
4035
1988
4039
4046
1999
4048
4051
2004
4052
4058
2011
4060
2014
4062
4063
2017
4066
4067
2020
2022
4072
2025
4074
2033
4082
2035
2036
2037
4086
2039
2043
4091
2044
2046
2047
21
161
131
323
100
199
327
139
203
76
77
240
401
86
57
26
122
251
92
29
254
350
