6244
0
3
16388
6
7
16392
16395
12
16399
16
18
16402
20
16407
16408
27
16411
16414
32
16416
16418
35
16419
36
16427
46
48
16432
50
51
16435
52
16436
16437
16438
16443
16445
64
16449
16456
75
77
16464
16465
16466
16467
16468
87
16472
16473
93
95
16479
16481
100
16484
16487
105
16490
110
111
16495
16501
16503
120
16504
16505
125
126
16514
133
16517
135
16519
16525
147
148
150
152
16536
16538
158
159
16544
16547
164
165
16551
168
16552
16555
172
16556
16562
180
186
187
16577
196
198
16582
16585
205
207
16592
16596
215
216
16600
218
16602
220
221
227
16612
16613
230
16617
234
235
236
16620
238
16622
239
16624
16628
256
257
261
264
16649
16651
269
16653
270
271
16658
276
16661
280
284
16668
16669
289
290
291
16676
16678
302
303
304
305
311
16701
16702
16708
16710
330
16717
334
341
342
344
346
16730
355
356
357
358
360
16747
365
16749
16750
368
369
16753
16756
16760
379
16763
382
383
16773
16774
16776
16777
394
16778
16779
396
16781
399
16784
16785
16787
404
407
16793
410
16795
418
419
16805
423
16807
427
429
431
16815
432
16816
436
16821
438
442
16826
16827
444
16829
446
447
456
16840
16841
459
463
470
16854
16855
16856
16858
16860
477
16864
16869
16875
16877
16878
495
16880
16881
16883
16885
503
505
506
16893
16897
16900
517
521
16907
16909
16910
16912
16916
16920
544
548
16938
16942
560
16946
564
16948
565
16950
16951
568
16953
570
16954
16956
578
16962
586
16972
16976
598
16984
16996
613
17007
624
627
628
17013
17015
638
17023
17025
17029
17033
652
17036
17038
17039
658
660
661
17048
666
667
17051
668
17052
17055
17059
677
17061
678
17062
682
684
685
686
17070
687
689
17074
694
17079
697
17082
17084
17086
705
17091
17092
17094
17099
17100
717
719
17103
17104
723
17110
17117
734
736
740
17124
741
17132
751
756
758
17144
761
17149
766
17151
769
773
774
775
777
779
780
17165
17166
783
17169
786
791
17182
802
17187
804
805
17189
17193
17199
17200
821
822
17206
17209
830
17214
832
17216
17218
17219
836
837
17227
17231
17233
851
17236
17238
855
17239
856
17240
17241
859
17243
860
17244
861
866
867
17255
873
17259
878
17263
883
892
17281
17283
901
904
905
914
17298
917
925
926
17312
929
17313
930
17317
935
17321
17322
939
942
951
952
17338
957
959
961
970
17355
972
974
17360
977
17361
17364
17368
17370
987
991
17381
1001
17390
1009
1013
17398
1015
17400
17402
1019
17406
1023
1024
1026
17410
17411
1028
17415
1033
1035
1037
17421
1041
1042
17426
1043
1046
17430
17431
17434
17435
17437
17438
17439
1056
17441
1070
17454
1071
17455
1072
1073
1074
1075
1076
1089
17474
17479
17482
1099
17483
17485
17492
17494
17496
17498
1120
17510
1127
17513
1132
1136
17526
17527
1146
1147
17531
17532
17533
17534
17536
17541
1158
17552
1171
17555
17561
17564
1181
17566
1183
17572
17577
17581
1199
17583
1203
17588
1206
1213
1217
17602
17604
1221
1225
1228
1229
1233
1234
1235
17622
17624
1242
1243
17627
1246
17640
17644
1264
17651
1268
1271
1273
17662
1279
1281
17665
17671
17677
17680
17683
1300
17686
1305
1307
17694
1314
1315
17704
1321
17706
17707
1329
17713
17715
17716
1335
17720
1338
1341
17725
17729
17731
1348
17737
1355
1362
17749
1367
17753
17754
17762
17763
17765
1386
17772
17775
17776
1394
1398
17782
1402
17788
17791
1410
17794
17795
17801
17803
1423
1425
17815
17817
1434
17818
17821
1440
17827
17829
1448
1450
17834
1451
1453
1455
1456
17842
1459
17843
17844
17848
17855
1472
17860
1480
1483
1485
1487
1492
17876
1497
1500
1501
17887
17888
1509
17894
17895
17896
1514
17899
1516
1518
1519
17903
17905
1526
17911
17916
17920
1539
1540
17925
1545
17929
17932
17934
1551
17935
17937
1555
17943
17944
17945
17946
1565
17950
1568
17952
17954
1572
1576
17961
17964
1581
1585
17970
1589
17979
1596
1597
1598
1599
17984
1601
17985
1602
17992
17993
1617
18005
18006
1625
1628
1632
18018
18020
1638
18022
18024
1641
1644
1647
18031
1648
1653
18038
18041
1659
18047
1665
18054
1672
18059
1676
18062
18063
18068
18073
1693
1695
18081
18082
18085
1704
1707
1711
1712
18096
1713
18097
18100
18102
1721
1725
18110
18112
18114
18116
1738
1739
1740
1742
1746
1749
1750
18136
18138
1757
1758
18143
18148
18149
18150
1769
1772
18159
1776
18163
1781
18167
18168
1788
18172
1793
18177
1794
18178
18182
1799
1800
18184
18189
1806
18190
1807
18194
1811
18195
18199
1817
1819
18204
18205
18207
1827
18213
18216
18219
1839
1845
1846
18230
1848
18232
1853
1854
1858
18242
1859
18246
18248
1866
18250
1867
1868
1869
18253
18257
18258
18259
18264
1882
1890
18275
18279
18280
18281
1899
1901
1905
18293
18295
1912
18296
18298
18300
1918
1925
1929
1932
18319
1936
1937
1938
18322
1941
1942
1945
18334
1952
18336
18339
1957
1959
18343
1964
1965
1967
18353
1975
18359
1979
18368
1989
1993
18377
1997
18383
18384
2008
2015
2019
18404
18405
2028
18412
2029
2030
2031
18415
18416
18418
2036
18420
2037
18421
2040
2045
18430
2047
18434
18435
18437
2054
18438
2055
18440
2060
2061
18446
18457
18461
2084
2085
2088
18473
2090
2092
18476
2096
18482
2100
2105
2107
18491
18493
18500
2117
18502
18503
2120
2122
2123
18508
18510
18511
2130
2132
2134
18519
2136
18524
2142
18527
2144
2147
18531
2150
2153
18537
18538
2155
18548
2165
2167
18552
2173
18563
18565
2185
18569
2186
18570
18571
2191
18578
18579
2199
18583
18587
2206
18591
2216
18600
2220
18607
2224
2228
2233
18624
2243
18627
2245
18629
2246
18636
18640
18643
2261
2263
2267
18651
18652
2269
18655
2272
18658
2278
18664
2281
2283
18667
2284
18670
2288
2290
18685
2302
2304
18688
18690
2309
2313
18697
18700
18703
2324
18708
18710
18711
18712
2333
18722
2342
2343
2347
18732
2352
2353
2357
18742
2359
18743
2360
18745
2362
18747
2368
18753
18754
2371
18756
18759
18760
2380
2382
18766
2383
2385
18771
18773
2392
2393
18777
2396
2399
18783
18784
2401
18788
18790
2408
2410
18797
18798
2420
18805
2422
2424
2425
2432
2437
18822
2443
18827
2446
18830
18833
2458
2459
18843
2464
2467
2470
2476
18860
18861
18865
2482
18870
18871
2489
2491
18875
2492
18876
2496
18880
2498
2499
18884
2501
2506
18893
2510
18894
2512
18897
2514
18899
2516
18900
2517
18902
2519
18904
2521
2523
2524
18910
18912
18916
2535
2536
18920
18927
18928
18929
18930
18932
2550
18937
2555
18944
2564
2568
18952
18956
2576
18962
2579
18964
2583
2585
18969
2588
18973
2590
18976
18977
2594
2596
18981
18982
2599
18985
2602
2606
2609
2612
2613
2618
19004
2621
2636
19023
19029
2649
2655
2656
2659
19045
2663
19047
19049
19054
19055
2675
19059
2676
2681
2682
2685
2687
19071
2688
19074
2692
19081
2702
19088
2705
2709
2710
19097
2717
2718
19102
2719
2722
19114
19116
2733
2740
2742
2744
2745
19129
2752
19137
19138
2755
19141
19144
19148
2767
19152
2769
2770
19154
2771
19156
2774
2776
19162
19163
19165
2786
19170
2791
19175
2792
2793
19177
19187
19190
19191
19192
19197
2814
2815
19200
19203
19205
19207
19210
2835
2836
2839
2840
2841
19225
2843
19228
19230
19231
19232
19233
2851
19237
19239
19245
19247
2871
19255
19256
19257
19260
2877
2880
19266
19272
19273
2894
19278
19279
2900
19284
19285
2904
19288
2905
19289
19293
2912
19297
19301
19304
2926
2929
2930
2934
19323
2940
19332
19335
2954
19338
2956
19341
2958
19343
2960
2961
19347
19351
19353
2970
19355
2978
2981
19369
2986
19373
2995
19380
2997
19381
3002
3004
19388
19389
19390
19396
3016
3017
3018
19402
3019
19411
3035
3038
3039
3042
3043
19429
3047
3050
19437
19439
19444
3065
19449
19454
3075
19465
19469
19470
3087
19471
19473
3091
3092
19476
19477
19478
19481
3098
19486
19487
19489
3106
19491
19492
3112
19496
3113
19499
3116
19500
19501
3119
3121
19505
3124
3126
19510
3127
19511
3130
3135
19519
19523
19525
3148
19536
19538
19539
3157
3160
3161
3163
19548
3166
3168
19553
3171
19555
3173
3174
3175
19559
19561
19563
19566
3185
19573
3193
19577
3204
3205
3206
19592
19593
19596
3213
19598
3215
19599
3218
3219
19603
19607
19608
19613
19616
19620
3238
19623
3240
3241
3242
3244
3247
19631
19635
19640
3259
19647
3266
3272
19658
3280
3288
3289
3292
3294
19679
3296
19681
19682
3302
3303
19692
19696
3313
19698
3322
19707
3327
3331
3332
3333
19725
3344
19729
19732
3349
3351
3352
19737
19738
19739
3356
19740
19745
3362
19747
19752
3372
3374
19762
19764
3384
19772
3394
3395
3402
3409
19796
19797
19809
19813
3431
19816
19817
3434
19818
3436
19822
3440
3441
3443
19828
19829
19830
3449
3450
19834
3452
3454
19838
19841
19842
3459
3462
19846
19849
3466
3468
3469
3472
3474
19859
3477
19864
19866
3486
19873
19877
19878
3500
19891
3512
19896
19897
19898
19899
3518
3521
3524
19908
3525
19909
19910
3527
19911
19912
3530
3531
19916
3540
19925
19927
19931
3553
19937
19938
19944
3561
19950
19952
3580
3581
3582
19966
19970
19972
19977
3597
3599
3600
19984
19985
3603
19988
19991
19997
3615
20000
20004
20007
3625
3629
20013
20015
20016
20020
3638
3641
3646
20030
20036
20039
20041
3660
3663
20047
20048
20050
20056
3673
3675
3676
3678
20064
20066
3684
20074
20077
3696
20083
20087
20089
3707
20092
3709
20093
20096
20106
3724
3725
20111
3728
20114
20115
3732
3733
3734
20123
20128
3745
20130
3748
20132
3751
20140
3758
20146
20147
20149
3766
3773
3774
20158
3775
20160
3777
20168
20172
20173
3791
20181
20182
3799
20183
3800
3801
20186
3807
3809
20196
3816
3823
3826
20210
20211
20216
20220
20221
3838
3839
20227
20231
20235
3856
20241
3860
20244
3864
20248
3865
20251
20259
20260
20263
3881
3883
20270
20274
20276
3893
20277
3895
20279
3905
3909
20293
3911
3912
20297
3916
20300
3917
20301
3920
3926
20310
20314
20317
3937
3939
20323
3941
3944
20328
3945
20329
3947
20336
20337
3954
3955
20339
20340
20345
20349
3972
20356
3976
20360
20362
3981
3982
20366
3983
3986
3989
3992
20376
20382
20383
4000
4005
4006
20391
4008
20394
4014
20398
20400
4021
4023
20409
4026
4029
20413
4030
4031
20415
20418
20421
4038
4039
4040
4043
4046
20431
20432
4049
20433
4054
20440
4058
20449
20450
4068
4070
4071
4072
4073
4075
20460
20461
20462
4080
4085
20480
20488
4105
20490
20497
20501
4118
4124
20509
4126
20513
4134
4135
20520
20521
4139
20524
4143
4146
4148
4150
20535
20538
4155
20540
20541
20542
20544
4161
20545
4165
4166
20553
4170
4171
4174
20558
4175
20559
20560
20561
4178
4179
20563
20565
20566
20569
4186
20570
20571
4194
4197
4201
20585
4202
4204
4206
4207
20596
4213
4217
4220
4223
20610
4227
4229
4231
20615
4234
4239
20623
20624
20630
4247
20631
4248
20634
4253
20638
4255
20646
20648
4266
4271
4273
20659
4276
20662
4280
4284
20668
20673
20675
20676
4293
4296
20683
4300
4302
4303
20687
20691
4308
20693
20700
4318
20705
4322
20706
20708
4326
4328
20712
4329
20716
4334
20720
4340
4343
4345
20730
4351
20735
4352
4360
20745
20747
4370
4372
20757
20758
4375
4377
4387
4388
4389
20773
20775
4392
20776
20777
20779
4400
20784
20788
20789
4407
4411
4412
20796
4413
20797
4416
4419
20807
4425
20810
4427
4432
4436
4439
4442
20834
20835
4452
20836
20837
20844
4464
4466
4467
4468
4469
4471
4472
20857
20858
4478
4479
20863
20864
4484
20869
20873
20875
4495
20879
4503
20887
4507
4511
4514
4516
20910
4531
20916
4535
20923
4542
20926
20927
20932
4550
20934
20936
20939
4558
4560
4563
20948
20950
20955
4572
20956
20961
20962
20966
4583
4589
20977
4597
20982
4599
4601
20991
20995
20997
4616
21000
4622
4626
4629
21015
21018
4636
4637
4639
21024
21029
4647
4649
4650
4651
21035
4652
4653
4654
21039
4656
4659
4660
21055
4672
21057
4682
21066
21067
4686
21071
4690
21075
4692
21076
21078
4696
21082
4699
4700
21086
4707
4711
21095
21097
4714
21098
4715
4718
4719
21103
4723
21107
4724
4726
21111
21112
4729
4731
4732
4733
4736
4739
4748
21132
4749
21135
21142
21144
21149
4772
4774
4776
4778
4779
4783
4785
21169
4788
21172
21173
4790
4791
21177
4794
4796
4801
21189
4812
21196
4817
21201
21202
21210
4827
21212
21213
21214
21215
4832
21219
21220
4838
21226
4843
4844
21231
4851
4852
4853
21237
4854
4856
21241
21242
4859
21246
4864
21248
4865
21249
21252
4870
4871
4873
21257
21259
4876
4877
21261
4878
21263
4881
21266
4886
21270
4887
4890
21274
4892
4893
4895
4897
4898
21288
21289
4917
21302
21303
4925
21310
4927
4928
21315
4934
4938
21324
4944
21328
4946
4947
4949
21336
4953
21337
21341
4960
21346
4967
21352
4970
21355
4977
21363
21364
21365
4982
4985
21369
4987
21371
4991
4996
21381
21383
21384
5004
21388
5006
21391
5011
21398
5016
21405
5023
5024
21413
21416
21417
5034
21418
5041
5047
21433
21434
5051
21438
5055
5058
5065
5066
21450
21451
5069
5075
21459
21460
21465
5082
5087
21471
21472
5089
21473
21477
5094
5100
21484
21485
21486
21490
21496
5113
21497
5117
5119
5120
21505
21506
5123
21511
21513
5137
21523
5140
21530
5147
5148
5150
21534
5151
21538
5156
5159
21543
21544
5162
5165
21550
21554
21555
5173
5174
5175
21559
21560
5178
5179
21563
5184
5188
5189
21574
21575
21580
5199
21583
5204
21589
5206
5207
21593
21594
5213
21599
5220
21604
5224
5229
5230
21618
5241
21625
21627
21629
5248
21634
5251
21635
5254
21638
5255
21639
5261
5262
21647
5265
21649
5269
5271
5272
5275
5278
5284
21671
5290
21678
5296
5297
5299
21683
5302
21687
21688
5309
21699
21701
21702
5320
21704
21707
21709
21710
5327
5329
21716
21718
21721
21722
21724
5341
21726
21731
5350
5351
5353
5355
5356
21740
5358
21742
21746
5363
5366
5373
21763
21764
5383
5389
5396
21781
5398
5399
5401
21786
21794
5411
21799
21801
5418
21802
5419
21805
5424
21810
5427
21811
5428
21812
5430
5431
21817
5436
21820
21823
21824
21825
21828
21829
5447
21831
5453
21838
5457
21845
21847
21848
21849
5466
5468
5471
21861
21862
5480
5481
21866
5486
21870
21872
21874
5492
21879
5496
21881
21883
21885
5502
21886
21887
5504
5506
5507
21893
5512
5513
5518
5520
5522
21911
5532
5533
5534
21919
5536
21921
5538
21922
5539
21925
5542
5545
21929
5551
21938
5565
5566
21950
21951
21957
21958
5576
5577
21963
5580
21970
21973
21975
5592
21977
21980
21984
5602
21989
21991
5613
22001
5619
22003
22004
22006
5627
5628
22013
5633
22018
5636
22020
22023
22024
5644
5645
5647
5648
22032
5655
5656
5660
5661
22047
5667
5669
22055
22056
5675
5678
5682
22066
22068
22069
5687
22071
22072
22074
5691
22080
5698
22082
5700
22084
5704
5705
22089
5713
5717
5719
5720
22105
22107
5724
5725
22109
5726
5727
22112
5729
5735
22119
22122
22123
5745
5746
22131
5749
22133
5751
5757
22142
5760
5766
5767
22151
5775
22165
5782
5784
5787
5789
22173
5791
22175
5794
5798
22183
5800
22186
22191
5817
22202
5819
5822
22206
5825
22209
22210
5827
5830
5831
5834
22219
22221
22222
5839
22223
22225
5843
5849
22233
22236
5858
5863
22255
5875
22261
5882
22266
5885
5889
5891
22276
22281
22284
22287
5911
22296
5913
5916
5919
22306
22307
5925
5927
22311
5928
5930
5936
5938
5939
5941
5943
5944
22330
5955
22339
5958
22344
22346
22349
5966
5968
22356
5973
22359
5979
22370
5988
22373
5990
5991
22376
5998
22383
6000
6002
6003
6006
6008
6012
6019
6022
22408
22411
22412
22416
6033
6034
6036
22422
6040
22427
22428
6045
6048
6050
22434
22440
22441
6060
6062
22451
6069
6071
6072
22456
6073
6075
22459
22460
6077
22465
22466
6083
6091
22478
22482
6102
22487
6107
6113
6115
6116
22503
22504
6123
6127
22512
6132
6133
6134
6139
6142
6143
6144
6145
6149
22534
6153
22542
22544
22546
6163
6165
6168
6169
22556
6175
22563
6180
22565
22570
22572
22573
22574
22576
22583
22585
22586
22588
22589
22590
6208
22592
22601
6221
6223
22607
6225
6227
6228
6229
22616
22617
22619
6236
22621
6241
22625
6246
6247
6250
6253
22638
6255
22639
22641
6260
22644
6266
22650
6268
6269
6271
22655
6273
6288
6291
22685
22690
6308
6322
6323
6330
22714
22718
22722
22725
22730
6348
6352
22736
6355
22739
6359
22743
6362
6363
22749
6367
6371
22756
6375
22774
6391
22777
22782
22786
22788
22789
6407
22796
6416
6419
22806
22807
22809
6426
6427
22813
6431
22815
22817
6435
22819
6436
22820
6438
22822
6439
6440
6441
22825
22831
6448
6449
6453
22839
6457
22841
6462
22851
22852
6470
22854
22855
6472
6475
22865
6483
22871
6491
22876
6493
22877
22882
22885
6503
6509
22896
6513
6515
22899
22901
22902
6521
22905
6523
6524
22908
6525
22912
6529
22913
22915
22920
6544
22931
22933
6551
6552
6557
6558
22943
22945
6565
6566
22957
6576
6578
22967
6586
6595
6601
6603
6609
6611
6612
6613
22997
6616
6617
6618
6628
6630
23016
23017
23019
23020
23022
23029
23030
6652
23036
6654
23040
6658
23042
6661
6665
23049
6666
23052
6672
6673
23064
6682
23067
6684
6688
6689
23073
6692
6694
6695
6697
23081
6699
23085
6702
23090
23091
23092
23094
6711
6713
23101
23102
23104
6722
6724
6725
23120
23121
23122
6741
23130
23131
6748
6749
23135
23136
23138
6755
6759
23143
23147
6764
23152
23154
23157
23160
6777
6778
6779
23167
6784
6785
23170
6790
23174
6792
6794
6799
6801
23189
23191
6810
23194
6811
23196
6815
23199
6816
6818
23202
6823
23207
6827
23213
6830
6837
23221
23222
23224
6844
23228
23233
23234
6852
6854
6859
23248
23249
6866
6870
6872
6873
23258
23259
6877
23261
23262
6881
6884
23268
23269
6889
6890
6896
6898
23284
6901
23287
6906
6909
23293
23296
6913
6914
23298
23300
23302
6919
23305
23308
23314
6933
6935
23323
6942
6943
23328
23331
23332
6950
23335
6953
23338
6955
23339
6957
23341
23343
6961
23345
23347
6969
6971
6972
23360
6979
23363
6981
23365
23371
6993
23380
7002
7004
23389
23392
23394
23395
23396
7014
7015
23400
7018
23403
7020
23404
7024
23410
23411
7034
23420
23422
7039
23425
7042
7043
7044
23431
7056
7059
23445
7063
7065
23452
7070
23455
7076
23460
23461
7079
23466
23468
23470
23472
7089
23473
7090
23483
23485
7102
7103
7104
23489
7106
23490
7110
23497
7115
23500
7118
23504
23508
7128
7137
7138
23523
23524
7142
7143
23531
23535
7152
7153
23537
7155
23541
7160
23544
23545
23547
7165
7167
23552
7169
23555
7172
23558
7178
7180
7181
7189
7194
23578
7195
23579
7199
23585
23594
23597
23606
23608
7227
23612
7232
23616
23621
7238
23622
23628
7247
7250
23635
7253
23638
7256
23641
7265
23649
7269
7271
7275
23665
23673
7290
23679
7297
7300
23684
23687
7306
23696
23700
7320
7321
7322
7323
7324
7326
23710
7327
23714
7338
23723
7342
23726
7345
7347
7348
7349
23737
23739
23744
23745
23746
23751
23752
23753
7374
23759
7377
23761
23767
7385
7386
23771
23772
23773
23775
7393
23786
7403
23789
7409
23794
7411
23795
7413
7414
23798
7415
23800
23802
23804
7421
7422
23809
7426
23812
7433
23817
7434
23819
23822
23824
7445
23832
7451
7452
23839
23840
7462
23846
7463
23847
23848
23849
7467
7469
23856
7474
23858
7475
23864
7481
7482
23869
23870
7487
7488
23872
23876
7493
23878
23879
23882
7501
7502
23887
23891
23899
7522
7524
23912
23915
7532
7533
23917
23918
23921
23923
7544
23928
23937
23941
23944
7561
7565
23953
7575
7576
7577
7585
23969
23972
7589
23976
7594
23980
7603
23989
7607
23993
7618
7622
7623
24010
24013
24014
7633
24018
7635
24022
24024
7646
24031
24035
24036
7656
24040
7657
24043
24044
7663
24051
24057
24061
24063
7680
24064
7683
24068
7685
7687
24075
7692
7693
7694
24078
7701
24087
24088
7706
7707
24092
7717
7718
7722
24108
7725
24114
7731
24115
24117
24118
24121
7742
7744
24129
7747
7748
7751
7752
7753
24138
7756
7757
24147
7765
24151
24152
7771
24159
24161
7780
24165
24167
7787
24172
24173
7790
7796
24180
7798
24183
7801
24186
24189
24190
7809
24194
7814
7821
24205
7822
7829
7831
7832
24216
7833
24218
24219
24220
7837
7841
24226
7843
24228
7845
7854
24238
7856
7857
24242
7860
7864
24253
24254
7871
24257
7874
7879
7880
24264
7891
7892
7893
7894
24279
7896
24281
7898
7899
24283
7902
7912
7914
7915
24299
7923
7925
24309
24310
7929
24314
7931
24317
7936
24322
24326
24327
24328
7945
24330
7948
7951
7952
7954
24338
7956
7958
7960
24344
7965
24350
7970
24354
24355
7977
7978
24362
24363
24366
7985
7992
24376
7993
7994
7995
24381
24382
8001
24387
24392
8010
24395
8015
8016
8018
8020
8025
8029
8031
24415
24416
24417
8036
24423
8040
24424
24425
8050
8054
8055
24439
8058
8060
24446
24449
8066
8067
8072
8076
24460
8082
24468
24471
24473
8091
24476
8093
8098
24483
24485
24487
24491
8110
24494
8112
24497
24501
8118
8121
24506
24507
8130
8132
8133
8135
8136
8137
8138
8139
24523
8140
24525
24526
24527
8150
24541
24543
8162
8163
24550
8167
8169
8171
24556
8174
24558
8180
8184
24575
24578
24580
8197
8198
24582
24583
24588
8205
24590
24592
24603
24605
24606
24609
8227
24611
8228
24613
8231
24615
8232
8236
24621
24624
24625
8244
24628
8250
24635
8254
8258
8260
24644
24645
24646
8263
24648
8265
8268
8269
24656
24658
24659
8278
8279
8281
24665
8283
8285
24669
8286
24670
24673
8290
24674
24677
24679
24680
24682
24684
24688
8305
8307
24693
24696
24697
8316
24700
8319
24706
24707
8324
8329
24715
24717
24718
8339
8340
24724
24725
8343
8344
8346
24732
8350
24736
24740
24743
24747
8364
24749
8371
8374
8375
24759
8376
8377
24761
8380
8382
8384
24768
8386
24770
8389
8392
24776
8399
8400
24784
24785
8403
8404
24792
24795
8414
8415
24800
8419
8422
24806
8423
8424
24809
8427
24814
24815
24820
8437
8443
24831
8451
24836
24840
24841
8459
24843
24847
24850
24851
8470
8471
8474
8475
24859
24860
24864
24865
24867
8484
24870
8487
24873
8491
8492
8493
24878
8495
8498
8499
24883
24886
8504
24892
24893
8510
8512
8517
8520
24904
24907
8524
8525
24912
8529
8533
24922
8543
24928
24931
24933
8551
24937
8555
8557
24943
8561
8577
24961
8578
8580
24967
24968
8586
8588
8590
24975
24977
24978
8596
24980
24982
8599
24986
8603
24987
8607
8608
24993
8615
25000
8623
8626
25011
8629
25014
25017
8634
8636
8637
25021
25023
8640
25025
8642
8646
25030
25036
8656
25040
25041
25043
25045
8662
25046
25054
8671
8676
8677
8678
25064
8681
25066
8684
25068
8686
25073
25075
8694
8699
8701
25085
8703
8705
8706
8707
8708
8710
8712
25100
25108
8726
25112
25115
8732
25118
8735
8741
8742
8746
25132
8749
25133
8750
8751
8754
8756
25145
8764
25148
8766
8768
8773
25157
25163
25164
8784
8786
8789
25174
25177
8794
25179
8796
25181
8799
25193
8810
25195
8816
25201
25205
8823
25216
25226
8843
25228
25230
8848
8858
25242
25243
8860
8864
25250
8867
8869
8874
8875
8877
25263
25264
8881
25266
25270
25272
8890
8892
25277
8902
25287
8904
25290
25296
8913
25298
8916
8921
8922
25309
25310
25313
8940
25324
25329
8949
25334
8951
8953
25338
8957
8958
8962
8963
25354
8973
25359
8981
8982
25366
25376
25377
8994
25380
8999
9003
9004
9005
9010
25394
25402
9025
25409
25410
9030
9031
9033
25419
9037
25422
25424
25425
9046
25431
9049
9050
9051
25435
9052
25437
9057
25441
25449
9071
25458
9076
25466
9083
9084
25468
25471
9088
9090
9091
9093
9095
9097
9098
25484
25485
25492
25500
9118
25504
25505
9124
25508
9125
25509
9129
25516
9138
25524
25527
9144
9146
9147
9150
9153
9156
25542
25545
25553
25556
9173
25557
9177
9182
25566
9184
25569
25575
25576
25582
25583
9202
9204
25590
9207
9208
25592
9210
9212
25596
9214
25598
9216
25600
9217
25607
9225
25611
9235
9237
9239
9241
9242
25626
25631
9249
25635
25637
25641
9258
25642
9261
9262
25646
9266
25650
25653
9271
25660
25661
9278
25663
9281
9284
25668
25673
9290
9292
9294
25679
9298
25682
25684
9305
25689
9309
25694
9312
25697
25704
25710
9327
25711
25712
9329
9330
25714
9334
25723
25725
9344
9345
25732
9350
9351
9352
25736
9353
9356
25740
9357
25747
25749
25752
25753
9370
9371
25757
9376
9379
25763
25764
9383
25769
9386
9387
25773
9391
9394
25781
9398
25784
9401
25785
9404
25790
25791
9411
25796
9413
9417
25804
25805
25808
25810
9427
25811
9428
9430
9436
9439
9441
25828
9445
25833
9451
9455
25840
9459
9464
9469
25854
25855
9472
25857
25858
25862
9479
25865
25871
25872
25873
25875
25878
25882
25886
25889
9507
9510
25894
9513
9514
25898
9516
9517
9522
9526
25911
25912
9530
9531
25917
9534
25921
9538
25922
25924
9542
9550
25934
25935
9553
25937
9555
25942
9567
25961
9579
25964
9584
25968
9585
9587
25976
9595
9601
9602
25986
9608
25994
25997
25998
26000
26001
9619
26003
9621
26005
26006
9624
9631
9632
9634
9635
26023
9650
9651
9655
26039
26041
26043
26046
9666
26052
9669
26059
26065
26066
9684
26070
9688
9699
26089
26092
26095
9714
9717
26102
9719
26103
26106
26108
26109
9729
26114
9731
26117
9735
9737
26122
9740
9742
26127
26129
9746
26132
9755
26139
9761
26145
26147
9769
26156
9774
9776
26161
26163
9782
9783
9787
9789
9793
26182
26187
26189
26190
9812
9813
26197
26200
9817
26203
26205
9822
26207
9825
26210
9828
26215
9833
26218
26223
9840
9842
26226
9846
26233
26235
26239
9858
26242
9862
26246
9863
26247
9865
9866
9867
26251
9871
26259
9876
9878
26262
26270
26272
26273
9890
9891
26275
26276
9893
9894
9896
9897
9898
26290
9907
9908
9909
9910
9913
9915
26308
9926
26311
26316
26318
9941
9942
26326
26329
26330
26336
26338
26339
26340
26343
9960
9961
26345
26348
26353
9970
26356
9979
9980
26368
9987
26373
26374
9991
26375
26376
9994
26378
9996
9997
10001
26392
10012
10013
26398
26400
26404
26406
26409
26410
10027
10028
26413
10031
26418
10036
26421
10039
26424
26426
10051
26436
26438
26440
10057
26442
10061
26446
10064
10065
10066
10067
26451
26454
10071
26455
10072
26456
10076
10077
26461
10078
26466
26468
26470
26472
10090
26474
26477
10096
26480
26481
10104
10105
10107
26492
26495
26498
10118
10119
26503
26506
10124
10127
10129
26513
10132
26516
10138
10141
26526
26528
10149
10155
10156
10158
26545
10165
26549
26553
10172
26556
26557
26560
10187
26574
26578
10195
26579
10198
26583
10201
26585
26586
10205
26589
26590
10208
10215
10216
26600
26601
10218
26605
26608
26610
10228
26612
10232
10233
26619
26620
10237
10238
26622
10242
10247
10248
10249
10252
10255
10257
26641
10259
26645
10262
26647
10265
26652
10270
10272
26657
26658
26665
26672
10289
26673
10291
10293
10296
26682
26683
10302
10304
26690
10308
10313
26697
26706
10324
10325
26712
10329
26716
26717
10337
26723
10346
26730
10347
10350
26734
10351
26738
10355
10357
10360
26748
10367
26753
10377
26762
10387
26774
10392
26776
26779
26780
26781
10399
26784
26785
26789
10406
26790
10409
26796
10418
10419
26812
26815
10433
26818
26822
10440
26824
10448
26832
26838
10461
26846
10463
26850
10467
26857
26859
26861
10478
26863
10480
26865
26869
10488
26876
26881
10501
10503
10505
10509
10513
10515
26902
26903
26911
10528
26914
10532
10534
26920
10541
10542
26929
26931
10549
26936
10553
26938
26941
26942
26944
26945
26948
26958
10576
10578
26967
26968
10586
10589
10590
10594
10595
26979
10597
10603
26988
10605
26989
10606
10613
10615
27000
27001
27004
10623
10628
27012
27014
10635
27020
27021
27022
27023
10640
27024
10641
27033
27034
10652
27037
10657
27042
27043
10667
10670
10672
27059
27066
10684
27068
10686
27070
10691
10696
27081
10698
10699
10700
10707
10709
10710
27094
10711
27095
10713
10716
27104
27106
27116
10735
10736
27121
10738
27122
10739
27128
10750
27137
27138
10756
27144
27149
10766
27155
10772
27156
10775
27160
27163
10780
27167
10784
10788
27172
27173
10790
27174
27179
10796
10797
27181
10800
27187
10810
10813
10816
10817
27201
10818
27202
10823
10824
27217
10836
10840
10841
10844
10845
10846
10849
27238
27240
27241
10858
10861
27245
10864
27249
27253
10871
10873
10874
10876
27263
10880
27268
10890
10891
10892
10893
27279
10896
10897
27281
27282
27283
10903
27287
10905
27295
10912
27297
10914
10915
27299
10917
27301
10920
27304
27307
10924
10926
10928
27312
10929
10930
27319
27323
27324
27331
27335
10952
27336
10953
27344
10961
10962
10964
27354
27357
27358
27361
10978
10979
10980
27364
10984
27368
27369
10987
27372
27373
27375
27376
10993
27377
27381
11002
27386
11003
27394
11016
27401
27402
11022
11029
11030
11031
27415
27417
27419
27420
11040
11042
27428
11057
27441
27442
11061
27446
11063
27447
11064
11066
27450
11068
11072
27456
11073
27458
11076
27461
27462
11079
27464
11081
27470
11095
27489
27490
11107
27492
27498
11115
27499
27501
27504
27505
27508
27510
11133
11134
27518
11135
11137
27522
11140
11143
11144
11145
11147
11149
27533
11151
27535
11152
27543
27545
11163
27554
27555
11174
11177
27561
27562
11182
27567
11184
11185
11187
11190
27577
27579
27580
27583
27587
11205
27592
27594
27598
27602
11220
27604
27605
11223
27609
27610
27613
11233
27617
27619
11237
11240
11241
27629
27630
11247
11248
11254
11255
11256
27641
27642
27647
11267
27655
27661
27664
27667
11287
11288
27672
11289
27674
27675
11293
11294
27679
27681
11302
11304
27694
27699
27700
11317
27701
11323
11325
11327
11328
27712
11329
11332
11334
27721
11338
27722
27724
11345
27731
27732
27733
11351
27735
11353
27737
27739
11357
11360
27744
27747
27748
27750
27758
27760
11379
27763
27766
27767
11388
27776
27782
11399
27784
11401
27786
11405
27789
11407
11409
11410
27797
11414
27803
11424
11426
27812
11433
27817
11436
11437
27822
27825
27826
11444
27829
27832
11453
11455
11458
27845
27847
11465
27852
11469
11472
27857
11475
11476
27860
11479
11480
27872
11490
27875
11494
11496
27881
11498
11499
11501
11502
27890
11520
11521
27907
11525
11532
27925
11544
27931
27938
11559
27944
11562
27946
11564
11571
27956
27958
11575
27959
11581
11583
27967
27970
27972
11597
27982
27983
11602
27986
27988
27990
11611
11615
28000
28002
28005
11623
11624
28008
11625
28010
28011
11632
28019
28020
28022
28024
28025
28028
11646
11647
11648
28033
28036
28037
28039
11657
28042
28043
28045
28049
11666
28050
11667
11669
11677
11678
28063
28065
28066
11684
11685
28071
11688
28072
28079
28080
11697
28081
28083
11700
11705
11712
11717
11718
11720
11725
28112
28118
11736
28127
28130
11752
28136
28137
11758
11759
11762
11763
28148
28150
28153
11777
11788
28175
28180
11797
11801
28185
11803
11804
28188
11806
11807
11809
11812
28200
11819
28204
11822
28208
11825
11828
28213
11830
28214
11831
11833
11834
28218
11835
28223
11840
11846
28232
11850
28238
28240
28242
11861
11867
11873
28259
11894
11895
11901
11904
11909
11915
11916
11922
11928
11931
11932
11934
11935
11936
11945
11948
11950
11954
11959
11964
11968
11978
11979
11987
11989
11990
11993
11994
11996
11999
12005
12008
12009
12011
12015
12021
12027
12030
12044
12045
12049
12051
12055
12063
12066
12067
12081
12084
12086
12095
12098
12102
12109
12113
12115
12117
12122
12124
12127
12135
12137
12138
12141
12142
12148
12151
12153
12157
12164
12167
12173
12181
12182
12184
12186
12210
12213
12214
12220
12221
12226
12231
12240
12241
12245
12246
12250
12253
12260
12264
12266
12269
12274
12279
12281
12282
12283
12285
12287
12289
12294
12296
12301
12306
12310
12338
12339
12346
12347
12358
12361
12362
12366
12369
12375
12378
12385
12389
12390
12402
12403
12404
12407
12410
12411
12416
12422
12428
12435
12441
12444
12447
12450
12452
12469
12472
12477
12479
12481
12488
12489
12494
12497
12506
12509
12510
12514
12518
12519
12521
12522
12528
12530
12534
12535
12537
12541
12543
12556
12558
12559
12563
12566
12581
12583
12590
12597
12599
12600
12604
12610
12612
12615
12616
12618
12626
12627
12631
12633
12645
12650
12655
12662
12664
12666
12697
12699
12715
12720
12729
12732
12739
12751
12753
12754
12759
12765
12767
12781
12783
12786
12787
12791
12793
12798
12801
12805
12810
12815
12819
12822
12823
12824
12826
12828
12832
12838
12842
12843
12846
12853
12854
12860
12863
12865
12866
12876
12881
12884
12891
12895
12897
12921
12924
12925
12927
12934
12935
12938
12941
12946
12948
12952
12953
12955
12958
12959
12961
12970
12977
12979
12994
12996
12997
13003
13009
13016
13018
13023
13027
13028
13034
13035
13037
13046
13048
13051
13060
13061
13069
13072
13073
13076
13078
13081
13084
13091
13093
13103
13104
13110
13112
13114
13115
13118
13119
13121
13122
13134
13136
13137
13138
13142
13146
13152
13154
13166
13169
13172
13175
13177
13179
13180
13185
13191
13193
13195
13198
13201
13208
13209
13212
13213
13223
13232
13234
13238
13240
13242
13255
13257
13259
13263
13281
13286
13292
13293
13299
13305
13306
13319
13326
13329
13332
13334
13336
13337
13342
13355
13357
13361
13374
13400
13402
13403
13407
13410
13411
13418
13422
13423
13426
13427
13428
13429
13430
13433
13438
13440
13445
13449
13451
13456
13459
13462
13470
13475
13476
13486
13487
13490
13498
13510
13512
13518
13522
13523
13526
13527
13529
13531
13535
13537
13539
13548
13551
13559
13561
13564
13569
13571
13575
13583
13584
13586
13589
13590
13591
13593
13594
13596
13602
13611
13615
13618
13634
13640
13653
13663
13665
13667
13669
13673
13675
13686
13695
13698
13703
13706
13707
13714
13715
13717
13722
13724
13728
13733
13735
13738
13742
13746
13749
13752
13766
13770
13774
13776
13797
13800
13801
13808
13812
13822
13824
13826
13832
13840
13843
13844
13854
13857
13868
13869
13874
13882
13890
13891
13892
13896
13900
13905
13909
13913
13920
13922
13924
13926
13932
13934
13935
13940
13943
13949
13950
13957
13960
13961
13962
13969
13970
13975
13977
13985
13986
13988
14005
14006
14011
14015
14016
14017
14019
14022
14024
14025
14032
14036
14045
14050
14053
14063
14067
14069
14074
14080
14086
14088
14097
14106
14111
14119
14120
14125
14133
14135
14139
14145
14158
14160
14164
14179
14185
14187
14189
14190
14191
14199
14203
14204
14206
14213
14214
14223
14229
14233
14236
14246
14252
14254
14259
14265
14274
14275
14277
14285
14287
14289
14292
14303
14305
14306
14309
14310
14312
14315
14318
14319
14323
14329
14332
14334
14353
14357
14359
14364
14366
14371
14372
14373
14379
14380
14381
14382
14384
14387
14390
14391
14392
14394
14397
14398
14400
14406
14411
14416
14421
14422
14439
14443
14450
14451
14452
14454
14455
14456
14461
14462
14478
14484
14485
14487
14491
14494
14498
14507
14512
14519
14524
14531
14534
14538
14540
14542
14552
14553
14558
14560
14566
14573
14574
14576
14577
14578
14583
14584
14585
14591
14595
14596
14603
14611
14613
14617
14630
14631
14632
14639
14640
14642
14643
14645
14650
14662
14668
14672
14673
14680
14683
14685
14687
14688
14689
14690
14696
14702
14706
14721
14723
14730
14732
14745
14747
14750
14754
14757
14763
14765
14766
14768
14772
14775
14782
14787
14793
14795
14798
14804
14810
14820
14825
14826
14837
14838
14844
14846
14849
14850
14853
14854
14859
14866
14874
14876
14886
14890
14892
14893
14897
14899
14900
14901
14902
14907
14911
14917
14919
14920
14922
14925
14927
14931
14939
14944
14947
14948
14949
14951
14958
14960
14964
14965
14969
14971
14974
14976
14985
14990
14995
14996
14999
15001
15003
15004
15010
15011
15013
15014
15015
15019
15026
15027
15033
15037
15040
15048
15060
15061
15070
15089
15092
15097
15107
15109
15121
15122
15132
15133
15134
15137
15139
15141
15147
15150
15154
15155
15158
15160
15166
15169
15171
15174
15180
15181
15182
15184
15186
15191
15196
15197
15201
15204
15208
15210
15211
15221
15224
15228
15229
15249
15250
15259
15269
15272
15275
15277
15282
15284
15286
15287
15288
15296
15306
15325
15329
15331
15337
15342
15345
15346
15347
15354
15357
15360
15362
15366
15369
15375
15380
15383
15391
15395
15399
15400
15402
15416
15432
15435
15437
15439
15448
15453
15456
15457
15462
15464
15482
15486
15496
15498
15500
15509
15520
15521
15532
15535
15537
15538
15544
15546
15549
15551
15552
15554
15577
15580
15587
15588
15597
15601
15609
15621
15622
15625
15627
15631
15636
15648
15653
15655
15660
15661
15662
15665
15666
15670
15673
15681
15685
15688
15691
15692
15695
15697
15698
15705
15712
15716
15721
15726
15727
15730
15735
15738
15744
15747
15750
15753
15758
15759
15764
15768
15771
15779
15783
15792
15794
15797
15799
15802
15805
15819
15821
15822
15827
15828
15829
15830
15832
15835
15839
15840
15843
15845
15846
15849
15851
15854
15864
15874
15878
15879
15880
15884
15889
15890
15894
15903
15904
15914
15916
15922
15924
15933
15934
15937
15942
15943
15945
15946
15949
15952
15958
15961
15963
15964
15970
15974
15988
15998
16000
16005
16010
16013
16014
16021
16026
16028
16031
16038
16041
16046
16049
16058
16060
16061
16063
16074
16077
16080
16085
16087
16088
16089
16091
16092
16096
16099
16100
16101
16102
16104
16106
16108
16111
16112
16116
16121
16125
16130
16133
16137
16141
16143
16148
16155
16163
16164
16165
16166
16167
16169
16186
16190
16193
16202
16206
16211
16212
16218
16230
16231
16234
16239
16242
16245
16247
16248
16249
16259
16268
16269
16275
16285
16294
16302
16306
16307
16333
16336
16348
16364
16381
16383
13
128
225
264
457
170
203
429
210
439
443
285
478
383
