16305
32769
32770
4
32772
32773
6
32774
7
32775
9
11
12
32780
14
32782
15
32783
16
32784
17
18
19
32787
32789
32790
23
32791
24
32792
32793
32794
27
32795
28
31
32
34
32803
36
37
32805
38
32808
41
42
44
32812
32813
32814
48
49
32818
51
54
32822
32823
56
32824
32825
61
62
32830
63
32831
64
32833
67
70
32838
72
73
32841
74
32842
32843
76
32846
79
32847
80
81
82
83
32852
85
86
87
88
89
32858
91
32859
32861
94
32863
96
97
32865
32867
32868
102
32870
32871
104
32873
106
32874
32876
110
111
112
113
32881
32882
32883
117
32885
118
121
122
32890
123
32891
126
32894
32895
128
32897
32898
131
32899
132
32900
133
32902
135
32903
32904
32906
140
32908
32909
144
32912
32913
146
32914
147
148
149
32917
151
32920
154
32922
155
32923
156
158
32926
159
32928
161
32929
162
163
164
32932
165
167
32935
32936
170
32939
173
175
177
179
32948
32951
184
32952
185
187
32956
190
193
32961
32962
195
197
32965
198
32966
199
32967
201
203
204
32972
32976
209
32977
210
211
32979
32980
213
216
32984
32986
219
32987
220
32988
221
222
32990
223
32996
230
232
233
33002
236
33004
33006
239
241
33009
242
33010
33011
245
246
247
33015
249
33019
33020
254
33022
255
256
257
33025
33026
33027
260
33028
264
33032
266
33034
267
272
274
33042
33044
279
33047
282
283
33053
287
33055
288
33056
33058
291
292
293
33063
296
297
33066
299
301
33069
33070
303
306
307
308
309
310
312
313
33082
315
316
33084
33085
319
33088
321
33089
322
33090
33091
325
33093
33095
328
329
331
332
333
33101
335
336
33105
33106
339
340
342
343
344
33112
346
33114
347
33115
33116
349
33117
350
33118
351
33119
352
353
33121
355
357
33126
359
33129
33130
363
33132
365
33133
367
368
369
370
33138
33139
33142
377
378
379
381
383
33151
384
33153
386
387
389
391
33160
393
394
33164
397
33165
398
401
402
33170
33175
408
409
33179
413
33181
415
33184
418
33186
420
33188
422
33190
33191
424
33192
425
33193
426
33194
427
33195
33196
429
33197
432
33201
434
33203
436
438
33206
439
440
443
33212
445
33214
448
449
33217
33219
454
33222
455
33223
33224
459
33228
461
462
33230
463
33231
33232
466
33237
470
471
473
33241
33243
477
33245
478
33246
479
33247
481
484
33253
486
33255
488
489
33257
33258
492
33260
493
33262
33263
33264
498
33266
33267
502
33271
504
33275
516
33285
518
519
520
522
33291
524
33292
525
526
33294
33295
528
529
33297
530
33299
33300
33301
534
33302
535
33303
537
538
540
541
33310
543
544
33313
546
547
33315
548
33317
551
33319
552
554
33322
555
33323
557
33325
558
33327
560
562
33330
563
565
33333
567
33337
571
33339
33340
573
575
577
578
580
33350
583
33351
584
33352
585
33354
587
33355
588
589
33357
33359
592
593
33361
33363
33364
598
599
33367
33368
601
33370
33371
604
33372
33373
33376
609
33377
33379
33380
615
33384
617
33387
620
622
623
33391
625
33393
631
632
633
33402
635
33404
33405
638
33406
639
33407
640
33408
641
33409
33410
643
33411
646
33414
647
33417
650
651
33420
33421
655
33423
658
33426
33428
662
665
33433
666
667
670
33439
672
673
33441
674
675
33444
679
33447
680
33448
33449
33450
684
33456
33457
690
33459
694
695
33463
696
33464
697
698
33466
699
700
701
703
33471
704
705
706
707
709
712
713
714
717
33485
33486
720
33488
721
33490
33491
33493
726
33495
728
729
730
33499
33501
734
33502
735
736
33504
740
33508
33509
743
33511
33512
33513
33514
33515
749
33518
33519
752
33520
753
33521
755
33523
33525
33526
760
763
764
33532
765
33534
33535
768
33536
771
772
33540
774
33542
33543
777
33545
33546
779
782
783
33551
33552
785
33553
790
791
33559
792
33560
793
33561
795
33563
33564
33565
800
33568
801
33569
802
33570
803
33571
805
33573
33574
807
808
33576
809
33577
815
33583
816
819
820
33588
821
33589
822
33590
823
33591
826
830
33599
33600
33602
33603
33606
839
33607
840
33608
841
33610
843
33611
845
33614
33616
849
33617
850
853
33622
855
33623
33624
861
33630
33632
865
33633
33634
33635
33637
873
874
33642
33643
876
879
33647
33648
883
33651
884
885
33653
888
33657
890
33660
893
894
33662
897
33666
33668
901
33669
902
33670
904
33672
33673
33674
907
33675
908
33676
909
910
33679
912
33680
915
916
33689
925
33694
927
929
930
33698
931
33699
33701
934
33703
936
33704
937
33705
938
939
33707
940
943
33711
944
33713
947
33715
33716
950
954
33722
955
33723
33724
957
33725
33727
961
962
963
33731
964
965
966
33737
970
33738
971
33739
33740
973
974
33742
977
979
33747
981
33750
33751
33753
986
33754
987
33756
989
33757
990
991
992
996
998
33767
1000
33769
1002
33770
1004
33772
33774
1009
33777
33779
1012
1013
33781
33783
1016
1017
33785
1019
33788
1021
1022
33790
1023
33791
1024
1026
33794
1027
1028
33796
33797
1032
33800
1034
33802
1036
33804
1037
33806
33807
1041
1042
33811
1045
1049
1050
1051
33819
1052
33820
33821
1055
1058
1059
1060
33828
1061
33829
1064
33834
1067
33835
1069
33837
1071
33841
1074
33843
1076
33844
33845
33846
1079
1080
33848
1082
33850
1083
1085
1086
33855
33856
33857
1090
33860
33861
1094
1095
33863
1099
33868
33869
1105
33873
1106
33874
33875
1109
33877
1111
33879
1113
33881
1115
1116
33884
33885
33886
1119
33887
33888
1122
1123
33891
33892
1125
1127
33895
1128
1129
1131
1133
33901
1134
1135
1136
33904
1137
1138
33906
33908
1142
33910
1143
33911
1145
33913
33914
1147
1149
1150
1151
33920
1153
33921
33923
33928
1163
33931
1164
1165
1167
33936
33937
1171
33939
33940
1173
1174
1176
33946
1179
33947
1182
33950
1184
1185
1186
33954
33955
33956
1192
33960
1197
33966
1201
33969
1202
33970
1204
33972
33973
1206
33974
1207
33975
1208
33976
1210
33978
1211
33979
1212
1213
33983
33985
1218
33986
1219
33987
33989
33990
33993
33994
1227
33996
1230
33998
1231
34000
1233
34001
34002
1235
34004
34006
34007
34009
1242
1244
34012
34014
1248
34016
34018
1252
1253
1254
34022
34023
1256
34027
1262
1263
34032
1265
34033
1269
34037
1270
34039
1272
1273
1275
1277
34046
1279
34047
1280
1281
34050
1283
1284
34052
1288
34057
1290
34058
1291
1293
34061
1294
1295
34065
34066
34067
34070
34071
34072
1306
34074
1307
1308
34076
34078
1311
34079
1312
34080
1313
1316
1317
34086
34087
1321
34089
1323
34092
34093
34094
1327
34095
1328
34097
1330
34098
1331
34099
1334
34102
34103
34104
1337
34105
1338
1339
1340
34108
1342
1343
34111
34112
1346
1347
34115
34116
34117
34119
34122
1356
34124
1358
34129
1362
34130
1363
34131
1364
34132
34135
1368
1369
34137
1371
34141
34142
34144
1377
34145
1379
1383
34152
34154
34155
1389
1390
34158
1392
34161
34164
34165
1398
34166
1400
34168
34169
1404
34173
1407
1408
1409
34177
1412
34184
1418
34187
1420
1421
34190
1423
34192
1426
1428
34196
1429
34198
1431
34200
1433
1437
34205
34208
34209
34211
34212
34213
34215
1448
34216
1449
1450
34218
1451
1453
34222
1455
34225
34226
1460
34228
34229
1462
34231
1464
34232
1466
1467
34235
34236
1469
34237
1471
34239
34241
34244
1477
34245
1478
34246
34249
1482
1485
1486
34254
34255
1491
1493
1494
1495
34264
1498
34266
1499
1500
34269
34270
1503
34271
1504
34274
1509
1510
34278
1512
1513
34281
1514
1516
34285
1519
34287
34289
34290
34291
1524
34293
1526
34295
1529
34297
1530
34298
34299
34301
1534
34302
34303
34306
1539
34309
1542
1543
1547
34315
34316
1550
34318
34319
1553
1554
34322
1555
34323
34325
1558
34326
1559
34327
34328
1561
34329
34333
34334
1568
34338
34340
1574
34342
34343
1576
1577
1578
1579
1581
34354
34355
1588
34357
1592
1593
1594
34364
34365
1598
1599
34367
1600
34369
1602
1603
34371
34374
1607
1608
34376
34377
1614
34382
1616
34386
1619
1621
34389
1622
34392
34393
34394
1627
1628
34397
1630
1632
1633
34401
1634
34402
1635
34404
1638
34407
34409
1643
34412
1645
1647
1649
34417
1650
34418
1651
1652
34420
1653
1654
34424
1657
1658
1659
34427
34428
34433
34434
34435
1670
34440
34442
1675
1677
34445
34446
1679
1680
1681
34450
34451
1684
34454
1687
1688
34456
1689
1690
1692
1696
1698
34468
34469
34471
1705
1706
1707
1708
34476
1710
34478
34479
34482
1716
1718
34486
1719
34487
1721
1724
1726
1727
34495
1728
34497
34498
34500
1733
34502
34503
1736
34504
34509
34510
34511
1744
34512
34515
34516
1749
34517
1753
34522
34523
34525
1759
1761
1762
34530
1763
34533
34534
1768
34536
1769
34537
34538
1771
1772
34541
1775
34544
1777
34545
1778
1779
1781
1782
34550
34552
34553
34554
34555
1788
34557
34558
34561
1794
1795
34564
1798
34567
1800
34568
1801
34570
1803
1804
34572
1807
1808
1809
34578
1811
34579
1812
1813
34582
1815
34585
34586
34588
34590
1824
34593
1828
34599
1832
34600
1834
34603
1836
34604
1837
34605
34606
1839
1840
34609
1844
1845
34613
1846
1847
1848
34616
1849
1850
34618
1851
34619
34620
1854
34623
34624
34625
34626
34628
1861
1862
34630
1863
1865
1866
34635
1868
1869
1870
34638
34639
34640
1873
1875
1876
1877
1878
1880
34650
1884
1885
34653
1888
34657
1890
34659
1892
1893
34661
34662
34663
1896
34664
1897
34665
1900
34668
1901
34669
34670
1903
34672
34673
1906
1907
34676
1909
1910
34678
34680
1913
1914
34682
34684
1920
1921
34689
1922
34690
1923
34691
1925
34694
1928
34696
1929
34697
1930
1931
34699
1933
1934
34703
1936
34704
1937
34707
1940
1943
1944
34712
1945
1946
34714
1947
34715
34716
1949
1952
34720
34721
1955
34723
1956
1957
34725
1958
34726
1959
34727
1960
34729
34730
1963
34731
1964
1965
1966
1968
34736
1971
34739
34740
1973
1975
1976
34745
1978
34746
1979
34747
1981
34749
1983
34751
34753
34754
34756
1989
34757
1990
1991
34759
34760
34761
1994
1995
34764
1998
1999
34767
34768
2002
34770
2003
34771
2004
34772
2005
34773
2008
2009
2011
2012
2013
34781
2018
34787
2021
34789
2022
34790
2024
2025
2028
2029
34798
2031
2032
34801
2034
34804
34805
34806
2039
2040
34808
34809
34811
2045
34813
2046
34814
2047
2049
2051
34821
34822
34823
2057
34825
2058
34826
2060
2062
34830
2064
2066
34834
2067
34835
2068
34836
34837
2070
2071
2072
2073
34841
34842
2075
34843
2076
2079
2081
34849
2082
34850
2084
34852
2085
34853
34854
34855
34858
34859
2093
34861
2094
34862
2096
34866
2099
34867
2100
2101
2105
34873
34874
2109
2110
2111
34879
34880
2113
2114
34883
2117
34885
2118
2119
2120
2122
34890
2130
2132
34900
2133
34901
34902
2137
2140
2145
34914
2148
2149
2150
2151
2153
2154
2155
2156
34924
2158
2160
34928
2161
34929
2164
2167
34937
2171
2172
34940
2173
34941
2175
34943
2176
2177
34945
34946
2179
34948
2182
2184
34952
2185
34953
2186
34954
34955
34956
2189
34957
34958
34959
2192
34960
2193
34961
34962
2195
2196
34964
2197
2198
2199
2201
2202
34970
2203
2204
2205
34973
34974
2207
34975
2208
2209
2210
34978
2211
2212
34980
2213
2216
34984
2218
2219
34987
2220
34988
2221
2222
2224
34992
2225
2226
2227
2229
2231
2233
35002
2235
35003
35004
2237
2239
35007
2240
2241
35009
35011
2245
35013
35014
2247
35016
35019
2252
35020
2254
35022
2256
35026
2259
2260
2261
2262
35030
2263
2265
35034
2267
35035
2268
35036
35038
2273
35042
2277
35045
2278
2279
35048
2281
2282
35050
2283
35051
2286
2288
35057
2291
2292
2294
35062
35064
2297
35066
2299
35067
35068
2301
2302
2303
35071
2305
35073
35074
35075
2308
35077
35078
2311
35079
2312
35080
2314
2317
2318
2320
2321
35093
2326
35094
35095
35098
2331
2332
35100
2333
35102
2337
35106
35108
2343
35112
35114
2347
2349
35118
2351
35120
2353
2355
2356
35124
35125
2358
2360
2363
35131
35132
35133
2368
35136
2369
2370
35138
35139
2372
35141
2374
2376
35144
2377
35145
2379
2380
35148
35150
2383
35151
2384
2385
35153
2387
35155
2388
2389
35157
2390
35159
2392
2393
2396
35164
2397
2399
2400
35168
2401
2402
35171
2404
35174
2407
2408
35177
2410
35180
2413
35182
2416
35184
35185
2419
35187
2422
35192
2425
35194
2427
35197
35198
2431
35199
2433
35201
2434
35202
2436
35204
2437
2438
2440
35209
2444
35214
2447
35216
2451
35219
2452
35220
2453
2454
35222
2455
35223
35225
35226
2459
35227
2460
35228
35230
35231
2464
35232
2465
2466
35236
35237
2471
2473
2476
35246
2479
35247
2480
35250
2483
35252
2485
35253
2486
35255
2489
35257
2491
35259
2492
35260
2494
35262
35263
35264
2497
2498
35266
2499
35267
35269
2502
35270
2503
2504
35272
35273
35274
2508
2510
35278
2511
35282
35284
2517
2520
35289
2522
2524
35292
35294
35298
35300
35301
2534
35302
35303
2540
2542
35310
2545
35313
2546
35316
2550
2551
35321
35323
2556
35324
2558
35326
2559
2560
35328
2561
2562
35331
2567
2568
35336
35337
2570
35339
2572
2573
2574
35342
2575
2576
2577
35345
2578
35348
2583
35351
2585
35354
35355
2588
2591
2592
2593
35362
2595
35363
35364
2597
35365
2599
35367
2600
35368
35369
2605
2606
2607
35375
2608
35376
2610
2614
35382
35383
35384
2619
2620
35390
2623
2624
2625
35393
2626
2628
2629
35397
2630
35398
35399
2632
2633
35401
35402
2635
35403
35407
2640
2641
35410
2643
2644
2645
35413
2646
35414
2647
35415
2648
35417
35420
35421
2654
35423
2658
35426
2659
35427
2660
2661
35431
2664
35432
35435
2668
35436
2669
35440
2673
35442
35443
2677
35445
2678
35446
35447
35449
2682
35450
2683
2684
2685
35453
35455
2688
35458
2691
2694
35462
35464
2698
35466
2699
2700
2701
35470
2705
35473
35474
35477
2710
2712
35481
2715
35484
2717
2718
35486
2720
2722
2723
2724
35492
2725
2726
35494
2727
35495
2730
35498
2732
35500
35502
2736
2737
2738
35506
2740
2741
35510
2744
2745
35513
2746
35515
2748
2750
2751
35520
2754
35522
35525
35526
35527
35528
2761
2762
35530
35531
2764
35532
2767
35536
35537
2770
35538
2772
2773
35541
2774
35542
2775
2776
35545
2778
2779
2780
35548
2781
35550
35551
2786
2788
35557
35558
2792
2793
2794
2797
2798
2799
35567
35568
2801
35569
35572
2805
2806
35574
2807
2808
35576
2809
35577
35578
35579
2812
2814
35582
2815
35583
2816
35584
2817
35585
2820
35588
2822
2823
2826
35594
35596
2830
35599
2832
35600
2833
2836
35604
35605
35607
2840
35609
2842
35611
2845
35613
2849
35617
35619
35620
2853
2854
35622
2855
2857
2859
35628
2862
2863
2865
35634
35637
2870
35638
35640
35641
2874
2875
35643
2876
2879
35647
2881
35649
2882
35650
35651
2884
2885
2886
35654
35656
2889
35657
2890
35658
2891
2892
35660
35662
35663
35664
2897
2898
35668
2901
2903
35671
2904
2905
35673
35674
35675
2909
2910
2911
35679
2912
2913
2917
2918
35686
2919
35687
2920
35688
35689
35690
2926
35695
35696
2929
35697
35698
35699
2933
2935
2936
35704
2937
35708
2942
35710
2943
35713
2946
35714
35715
2948
35716
2949
2950
35719
35720
35723
2956
35724
2957
2959
35727
2960
35728
2962
2963
35731
2964
35732
2968
35738
2971
35739
2973
35742
2975
35744
35745
2978
2979
2980
35748
35750
2983
2985
35753
2986
35754
2990
35758
35759
35760
2993
35762
2995
35763
2996
35764
2997
35765
2998
35769
3003
35772
3005
3006
3007
35776
35778
3011
3013
35781
3014
35782
3015
3016
35786
35788
3022
35790
3023
35791
3024
3025
3026
35795
3029
3030
3031
3032
3033
3035
35803
3036
3038
35807
3040
35808
35810
3043
3044
35813
3046
35814
3047
3049
3050
35822
3055
3056
35824
35825
3058
35826
3059
35827
3060
35829
3062
3063
35831
35832
3065
35833
3067
35835
3068
3069
35837
3070
3072
35840
35841
3074
3075
35843
3076
35844
3077
35846
3079
35850
3084
35853
3087
35855
3088
3089
35857
3090
35858
35859
3093
35861
35862
35863
35864
35869
3102
35870
35871
3104
3105
3107
35875
35876
3109
35877
3110
3113
3115
3116
35887
35889
3122
35891
35892
3127
35895
3128
3129
35897
3131
35899
3132
3133
3134
35902
3135
35903
3136
35904
3137
35905
35906
3143
3145
3146
35916
3149
3151
35919
35920
3154
3157
35925
35926
3159
3160
3162
3164
35932
35933
3166
35936
35937
3170
35940
3173
35941
3175
35943
35944
3177
3178
3180
35949
3182
35950
35951
3184
35952
3185
3186
35954
3187
3189
35957
3190
3191
35959
35960
3193
35961
35962
3195
35963
35966
35967
3200
35968
3201
35969
3203
35974
3208
35976
3210
35978
3211
3212
35980
3215
35983
35984
35985
3218
3219
35987
3220
3221
3222
35990
3224
3226
35995
3229
35998
35999
36000
3233
36002
36004
36005
36006
36008
3241
3243
36011
3245
36014
3247
36018
36020
3253
36021
36023
36024
36025
36026
3259
36028
3261
36030
3263
36032
36033
3266
36034
36036
3270
3271
36039
3272
3273
36041
36042
3275
36043
3276
36045
36046
36047
3281
36049
36050
3283
3284
36054
3287
3290
3291
36060
3295
36063
36064
3299
3301
36069
3303
3306
36074
3307
36075
3308
3309
36077
3310
36078
36081
3314
36082
3315
36083
3316
3318
36086
36087
36088
36090
3323
3324
3325
36093
3327
36095
36097
36098
3331
3332
36100
3333
3336
36105
36106
3339
3340
36108
3342
36111
3344
36112
3345
36113
3346
36114
36115
3348
36116
3349
36118
3351
3353
3355
36123
3356
3357
3358
36126
36127
3361
3362
3363
3364
36134
3368
36136
3369
36138
3371
36141
3374
36143
3376
36145
36146
3381
3382
36150
36152
36153
3386
3388
36156
3390
36158
3392
36160
3393
3394
3395
3396
3398
3400
36169
36172
3405
36173
3406
3407
3408
3409
36177
36179
3412
36180
36181
36182
3417
36185
36187
3420
36188
3421
36189
3422
3424
3426
36194
36195
3428
36197
36198
3431
36199
3432
36200
3433
3435
3436
36204
36205
3438
3440
36208
3442
3443
36211
3444
3445
36214
36215
3449
36218
3451
36219
3452
3453
36221
3454
36224
3457
3459
36228
3462
3463
36231
36233
36234
3467
3469
3470
36238
36239
36241
3474
36243
3478
36246
36247
3481
36249
3482
36250
3483
36251
3484
36252
36253
3486
3487
3488
36256
3489
36257
3490
36258
36259
36260
3494
3495
36263
3496
3500
3502
3503
3504
3506
3507
36275
3509
36277
3510
3511
36279
36280
3516
36284
3517
36285
3518
36286
3519
3520
36288
3522
36290
3523
3524
3526
36296
36298
3531
3532
36300
3533
36303
36306
36309
36310
36311
3544
3545
3548
36316
3549
36317
3550
3551
36319
3552
3553
36324
3559
36327
36328
3561
3562
3564
3565
3568
3569
3570
36339
3575
36344
36345
3578
36346
3579
36347
3582
3583
3585
36355
3589
36357
36359
36360
3593
36362
36363
3596
3597
36365
3599
3600
36370
3603
3604
3605
36373
3606
36374
3609
36377
36378
3611
36379
36381
36382
3615
3616
36385
3620
36389
3622
36390
3624
3625
3626
36394
36395
3628
3629
3630
36398
36399
3632
36400
36403
3637
36405
3638
36407
3640
3641
36411
3645
36414
3647
3649
3650
36418
36419
3652
36420
36421
36423
3657
36425
3659
36428
36429
3664
36433
3667
36435
36436
3669
36437
36438
36439
3672
36440
3673
3674
3676
36445
3678
3679
36447
3681
36449
3683
3684
36452
3685
3687
3688
36456
3689
36458
3691
3693
36461
3695
36463
3698
36467
36469
36472
3706
3707
36475
36476
3710
36480
3713
3714
3716
36486
3719
36488
3721
36490
3723
36492
3726
3727
36495
3728
3729
36499
3733
36502
3736
36504
3737
36505
36506
36507
3741
36509
3742
36510
3743
3745
3746
36514
3747
36516
3749
36517
3750
36518
36519
36520
3753
3754
3755
36523
3756
36524
36525
36526
36527
3763
36531
3766
36535
36536
3769
3771
36541
3774
36542
3775
3776
3777
3779
36547
3780
36549
36550
3784
36552
3785
36553
3786
3787
36555
3789
36558
36560
3793
3794
36562
36564
3800
36568
3801
36570
3803
36575
3809
36577
3810
36578
3811
36579
36583
3816
3819
36587
3820
36588
36592
3825
36593
3829
3830
3831
3832
36600
3833
3836
3837
3838
3839
3840
36609
36610
36611
36613
36614
36615
3848
36616
36617
3851
3853
36621
3855
3857
3858
36626
3859
3860
3861
3862
3863
36631
36632
3865
36633
3869
3871
3872
36641
36642
36643
3876
36645
36646
36647
3880
36649
3882
36650
36651
3884
36653
3887
36655
3888
36657
3891
36659
36660
3893
3894
36662
36664
3897
3898
36666
3899
36668
36669
3903
3904
36672
3906
3908
36676
3909
3911
36680
3913
3914
3916
36684
3917
3919
36687
3920
3921
3922
3923
36691
3924
36692
3926
36694
3927
3931
36699
3932
3933
36701
36702
36703
3936
36704
3937
3938
36706
3939
3940
3941
3942
36710
3944
3945
36713
3947
36715
3948
36716
3949
3950
3951
36721
36723
36726
3959
36727
3960
3961
36729
3962
36733
3966
3967
3968
36737
3970
36738
36739
36742
3975
3976
36744
36745
3978
36746
3979
36748
3981
36750
3983
3984
3985
36753
3986
3989
3990
36758
36759
3992
3993
3994
36762
36763
3998
36768
4002
4003
36771
36773
4007
36776
4009
4010
36778
4011
4012
36784
36785
4018
36786
4019
4020
36788
36793
4026
36794
36795
4028
4029
36798
36799
4032
36800
4033
36802
4035
36804
4037
4038
36806
4040
36808
4041
36809
4042
36810
36811
4044
36812
36813
36815
36816
36817
36818
4051
4052
36820
4053
36821
4056
4058
4059
4060
4061
36831
4064
36832
36833
4066
4067
4068
36836
4069
36837
4070
36838
4071
36839
36840
4073
4075
4077
36846
4079
36847
4080
4081
4083
4084
4085
36853
4087
4088
36857
4090
36858
4091
36860
4095
4096
36864
36866
4099
36867
36869
4102
36870
4103
36872
4105
36873
4107
4108
36876
36879
4112
4114
36882
4117
36885
4118
4119
36887
4121
4122
4124
4126
4127
36896
36897
4132
36900
36901
36903
36904
4141
36909
36910
4143
4144
36912
4145
4146
4147
36915
4148
36916
4149
36918
4152
36920
36921
36922
4155
36924
4157
36926
4159
36927
36928
4161
4163
36931
4164
36933
36934
4170
36938
4172
4173
4175
36946
4179
4181
36949
4182
36950
4183
36952
4185
4186
36954
4188
36956
36957
4190
4192
4193
36961
4194
4195
36963
36964
4198
4199
4201
36969
4202
4203
36971
4206
4207
36975
4208
36977
4211
36981
4215
36983
4216
36984
4218
4219
36988
36989
4223
4224
4226
4229
36998
4231
4232
4233
4234
37002
4235
37003
37004
4237
4238
4242
37010
4243
37011
4245
37013
37014
37015
4248
37016
37020
4253
4256
37024
4257
37026
4259
37027
4261
37029
4263
37031
37032
4266
4267
37036
4269
4270
37039
4273
4274
4276
37047
4282
37050
4283
4285
4286
37057
37058
4291
37059
4292
4293
37062
4295
37063
4296
4297
37066
4299
37067
4300
37068
4301
37069
4302
37071
37072
37076
4312
37080
37081
4314
4315
37083
4316
37084
37085
4323
37091
37092
4325
37093
37094
4327
37095
4328
37096
4329
37097
37098
4332
4333
37101
4334
4338
37106
4340
4341
37109
37110
37111
4346
37114
4349
37117
4350
4352
4353
37124
37125
4358
37126
4359
37128
4362
37130
4363
37131
4367
4370
4371
4372
4374
37143
4376
37144
4377
37145
37146
4383
4384
4385
4387
37155
4388
37156
4389
37157
4390
37161
4394
37162
4395
37163
4396
4397
4399
37167
37168
4402
4403
37171
37172
37173
37174
4407
37176
4409
37177
37178
4412
37181
37182
37183
37184
4417
37185
4418
4420
37190
4424
4426
37195
4428
4429
4430
37199
4432
37200
4433
4434
37202
4435
37203
37205
4438
37206
4443
4444
4445
37213
4446
37216
37217
37219
4453
4454
4455
4456
37224
4457
4458
37226
4459
37227
4460
4464
37233
4468
37236
37238
4471
37241
4474
37242
4475
4477
4478
37247
4481
37249
37250
4483
4485
4486
37254
4488
4489
37258
4491
4492
37263
37264
37265
4499
37267
37269
4502
37272
37274
4507
4508
4509
37277
37280
4513
4514
37282
4515
37283
4517
37287
4520
4521
4522
4523
4524
4525
37293
4527
37295
37298
4532
37300
37301
4535
37303
4537
4538
4540
37308
37309
37310
4545
37316
4549
37317
4552
37320
4553
37322
4555
37323
37324
4557
37327
4560
37328
37329
4562
4565
37334
4567
4568
4569
37337
37338
4571
4572
37341
4574
4575
4576
37344
4578
37346
4579
4581
37349
4582
37350
4583
37351
37352
4585
37354
37357
4591
4592
4593
4596
4599
37367
37368
4601
37369
4603
37372
37373
4607
37375
4609
4611
4612
4615
37385
37386
37387
4622
4623
37392
37393
4626
37394
37395
4628
37397
4630
37398
4633
37401
37402
4635
37403
4637
4639
37408
4642
37411
4646
37414
4647
37415
37416
4649
37417
4650
4652
4653
37424
37425
4658
37427
4661
4662
4663
37431
37433
37434
4667
4668
4669
4671
37439
4672
37441
4674
4675
37444
37445
4678
4679
37447
4680
4681
37449
37450
4683
37451
4684
37452
37454
4688
4690
4691
37459
4692
37461
37463
4696
4697
4698
37466
4699
37467
4701
4702
4704
37472
4705
37474
4708
4711
37479
4712
37482
4716
37484
37485
4719
37492
37493
4726
4728
4729
4730
4731
37500
4735
4736
37505
4738
4739
37507
4742
37510
37511
37514
4747
4749
37517
4750
37519
4752
4754
37522
4755
37523
37524
37525
37526
4762
4763
37531
37533
4766
4767
4768
4770
4771
4772
37540
37541
4777
37546
4780
37548
4782
4785
37553
37554
4787
37555
37556
37558
4792
37560
4795
37564
37565
4800
37568
37570
37573
4806
37575
37577
37578
4811
4812
4814
4815
37584
4818
4819
4820
37588
4821
37589
4822
37591
4824
4825
4826
37594
4827
4828
37596
4829
37597
4831
37599
4834
4835
37604
4837
37606
4839
37607
4840
37609
4842
37610
37612
4847
4848
37618
4851
4853
4854
4856
37624
4857
4858
4859
37627
4860
4861
37632
4865
37633
4868
4869
4871
37641
4876
37644
4877
37646
4879
37648
37650
4883
4884
4885
4886
37657
4891
4893
37661
4894
4895
37664
4898
4899
4900
37668
4901
37669
4902
37670
4903
4904
4906
4907
4910
37678
4911
4912
37680
4914
4915
37684
4917
37685
37686
4919
37688
4921
37689
4922
4923
37693
37694
4927
4929
4930
4931
37699
37701
4934
37707
4940
4942
37711
4944
37712
4946
4948
37716
4950
4951
4952
37720
4953
37721
4954
4955
4956
4957
4958
37726
4959
37728
4964
4965
4966
37734
37735
4968
37736
4969
4971
37739
4973
4974
37742
4975
4976
37744
4977
37745
4979
4980
4982
4983
37751
37752
4986
37754
4987
37755
4988
37756
37757
37758
4991
37759
4992
37761
37762
4995
4996
4998
37766
5000
37769
5002
37770
5003
5006
5008
37778
5011
37780
5013
5014
37782
5015
37784
5019
5020
5021
5023
37792
5026
37794
37795
37796
5029
5030
37798
5032
37800
5033
5034
37802
37803
5037
37805
5038
5039
37807
5040
5041
5042
37810
37811
37812
5047
5049
5050
37818
5051
37819
5052
37820
37821
5054
5057
37825
5058
37827
5060
37828
5061
37830
5063
5064
5068
5070
37838
5071
37839
5073
37841
5074
37842
5075
37844
37845
37846
5079
37849
5082
5084
37852
5085
37854
5087
37855
5089
37858
37861
5095
37866
37868
5101
5102
37870
5104
37872
5107
5108
37876
5109
5112
5114
37883
5116
37884
5120
37890
5124
37892
5125
37893
37894
37897
5131
37901
5134
37902
5136
5137
37905
5138
37906
5139
37907
5140
37908
5141
37910
5143
5145
37913
37914
5147
5148
37918
5151
37920
5153
37921
37922
5155
37923
37926
37929
5162
37930
5163
37932
5166
5167
5170
37939
5172
37940
5173
37941
37942
5175
37944
5177
37945
5178
37946
5179
37948
5183
37951
5185
37953
5186
5187
37955
5188
37957
5190
37959
37960
5194
37962
37965
5198
37967
5200
37968
5201
37969
5203
5204
37973
5208
37978
5212
5213
37981
5214
37983
5216
37984
5217
37985
5219
37988
5221
37989
5222
5226
5227
37995
5229
37997
38000
5235
38003
5237
38005
5238
38006
38007
5240
38008
5241
5242
38010
38011
5244
5245
5246
38014
5247
38015
5248
5249
38017
38018
5251
38019
38020
5254
38023
5256
38024
5258
38026
5261
38029
38030
5264
38034
5267
38035
5270
5271
38039
38041
38042
5275
38043
38044
38045
38048
38049
38050
5283
5284
5285
5286
5291
5294
5295
5296
38064
5298
5299
38067
5300
38068
5301
38072
5306
38074
38075
5308
5309
38079
5314
38082
5315
38087
38088
5321
38089
5322
38090
5323
38092
38093
5326
38094
5327
38096
5329
5330
5332
5333
38101
38103
38104
5338
38106
38107
5340
38108
38109
38110
5344
5345
38114
38115
38116
5349
38118
5352
38122
38126
38128
5361
5363
38132
5365
5366
38135
38136
5369
38137
5370
38138
38142
5375
38143
5380
5382
5383
38152
38153
38154
5387
38155
5388
5389
5390
5392
38161
5394
38162
38163
38164
5397
5398
38166
38167
38171
5405
5406
38174
5407
5408
38176
5410
38179
38181
5415
38183
5416
38184
5417
38185
38187
5420
38188
5421
5423
38191
38192
5425
38193
5426
38194
5428
38196
5429
5431
5432
38200
38201
5434
5435
5436
5438
5439
5442
5444
5445
5452
5453
5456
5459
5460
5462
5466
5470
5477
5479
5486
5488
5489
5493
5495
5498
5500
5501
5503
5506
5508
5509
5515
5516
5521
5523
5527
5528
5533
5534
5535
5537
5541
5542
5544
5545
5549
5556
5559
5561
5562
5563
5566
5569
5571
5572
5578
5581
5582
5584
5585
5589
5591
5592
5593
5596
5598
5604
5605
5606
5608
5611
5613
5617
5618
5626
5627
5629
5636
5639
5640
5644
5645
5649
5650
5651
5652
5653
5654
5660
5662
5665
5667
5668
5675
5681
5683
5685
5686
5688
5690
5691
5693
5694
5695
5698
5702
5705
5711
5712
5713
5717
5722
5723
5724
5725
5727
5731
5737
5739
5742
5743
5744
5747
5748
5749
5751
5753
5754
5755
5756
5757
5758
5765
5766
5767
5769
5771
5772
5774
5776
5777
5780
5785
5786
5787
5790
5791
5793
5794
5795
5798
5799
5818
5820
5822
5827
5828
5831
5832
5833
5834
5835
5836
5842
5844
5846
5848
5852
5853
5856
5862
5866
5868
5875
5876
5877
5880
5884
5885
5886
5887
5888
5889
5890
5895
5897
5898
5899
5900
5903
5906
5908
5911
5912
5913
5921
5926
5931
5935
5947
5954
5955
5957
5958
5960
5967
5969
5972
5973
5974
5977
5978
5981
5983
5984
5985
5986
5988
5990
5992
6002
6007
6009
6011
6012
6013
6014
6018
6027
6030
6036
6042
6046
6049
6050
6052
6053
6054
6055
6056
6058
6061
6063
6064
6065
6066
6067
6069
6070
6073
6074
6075
6077
6087
6090
6091
6098
6099
6101
6107
6109
6112
6113
6118
6120
6121
6123
6124
6129
6133
6135
6139
6142
6143
6146
6150
6151
6154
6156
6161
6162
6163
6164
6176
6177
6179
6182
6189
6190
6193
6196
6201
6205
6207
6208
6209
6210
6211
6213
6215
6218
6219
6224
6226
6228
6231
6232
6240
6245
6249
6251
6254
6255
6256
6260
6262
6266
6268
6269
6272
6273
6274
6281
6283
6285
6286
6290
6292
6294
6295
6299
6301
6305
6307
6310
6311
6312
6313
6317
6318
6322
6328
6330
6333
6334
6335
6337
6338
6340
6341
6342
6346
6348
6351
6353
6354
6357
6361
6363
6364
6365
6366
6373
6375
6376
6381
6386
6387
6388
6389
6390
6391
6393
6395
6401
6407
6410
6411
6412
6414
6415
6417
6426
6428
6433
6434
6435
6436
6437
6443
6446
6448
6449
6450
6453
6456
6458
6460
6466
6469
6471
6473
6476
6477
6479
6480
6481
6482
6485
6487
6488
6489
6493
6496
6498
6499
6500
6505
6506
6511
6514
6517
6518
6521
6527
6531
6532
6536
6543
6546
6556
6558
6560
6561
6565
6568
6571
6573
6575
6582
6586
6587
6589
6593
6594
6596
6598
6599
6601
6610
6612
6614
6616
6617
6620
6624
6626
6627
6628
6629
6630
6634
6635
6637
6638
6640
6641
6644
6646
6647
6648
6656
6658
6665
6666
6670
6672
6676
6679
6680
6682
6683
6685
6686
6689
6692
6694
6697
6699
6700
6701
6702
6707
6708
6713
6716
6718
6720
6725
6726
6727
6728
6729
6730
6731
6734
6735
6736
6743
6744
6745
6748
6749
6750
6751
6752
6753
6756
6760
6761
6762
6768
6771
6777
6781
6783
6784
6785
6786
6787
6788
6791
6793
6794
6796
6798
6799
6801
6807
6809
6810
6814
6815
6819
6820
6821
6824
6826
6829
6832
6835
6836
6840
6841
6842
6844
6851
6853
6854
6855
6861
6863
6867
6873
6877
6878
6883
6885
6891
6896
6901
6902
6908
6913
6914
6915
6916
6918
6919
6920
6922
6924
6926
6929
6930
6932
6935
6936
6939
6940
6953
6956
6959
6960
6962
6969
6970
6972
6977
6980
6982
6985
6988
6989
6995
6996
7001
7005
7007
7012
7014
7018
7023
7024
7025
7027
7028
7029
7030
7031
7036
7038
7043
7047
7048
7050
7051
7053
7054
7055
7060
7061
7062
7063
7066
7069
7073
7074
7075
7076
7077
7080
7084
7088
7090
7100
7101
7104
7106
7113
7114
7115
7118
7121
7122
7123
7124
7127
7135
7136
7138
7139
7143
7145
7147
7149
7152
7154
7164
7165
7172
7174
7175
7177
7178
7179
7183
7187
7188
7189
7190
7194
7197
7198
7199
7202
7203
7208
7211
7212
7213
7218
7224
7225
7226
7232
7233
7234
7235
7236
7237
7240
7241
7243
7244
7249
7250
7251
7252
7257
7259
7261
7269
7271
7272
7274
7279
7282
7284
7286
7298
7300
7301
7302
7305
7306
7307
7309
7310
7313
7316
7317
7318
7319
7322
7325
7329
7331
7332
7334
7335
7336
7337
7339
7340
7343
7347
7350
7353
7354
7356
7357
7359
7360
7364
7366
7367
7369
7370
7371
7372
7378
7382
7383
7384
7385
7386
7388
7391
7392
7400
7407
7409
7411
7412
7414
7419
7420
7425
7428
7431
7433
7437
7438
7440
7447
7448
7451
7452
7454
7457
7463
7465
7471
7472
7473
7476
7477
7478
7479
7482
7483
7485
7487
7488
7491
7492
7493
7494
7495
7497
7500
7502
7506
7508
7509
7510
7514
7519
7521
7524
7525
7529
7532
7534
7536
7537
7538
7542
7544
7546
7548
7551
7552
7554
7558
7559
7560
7562
7563
7565
7568
7572
7574
7579
7581
7582
7584
7586
7589
7592
7595
7596
7599
7600
7601
7602
7604
7608
7613
7614
7616
7619
7621
7622
7626
7628
7631
7633
7634
7635
7637
7644
7645
7647
7648
7651
7653
7661
7665
7668
7670
7671
7673
7674
7679
7681
7682
7686
7688
7690
7695
7698
7704
7710
7717
7719
7724
7727
7728
7730
7731
7733
7734
7735
7740
7743
7745
7747
7748
7750
7754
7755
7756
7758
7760
7761
7764
7766
7768
7770
7771
7772
7774
7777
7779
7782
7783
7784
7786
7788
7789
7792
7793
7794
7799
7803
7804
7808
7810
7811
7812
7813
7815
7821
7826
7828
7831
7833
7837
7838
7839
7840
7843
7848
7849
7851
7852
7853
7855
7856
7858
7859
7861
7862
7869
7870
7871
7872
7874
7876
7879
7880
7882
7884
7887
7888
7893
7895
7898
7901
7904
7905
7907
7910
7911
7913
7914
7917
7918
7922
7923
7925
7927
7933
7936
7937
7942
7943
7945
7946
7947
7950
7951
7952
7955
7961
7962
7963
7964
7965
7968
7970
7972
7973
7975
7977
7979
7981
7982
7983
7987
7988
7997
7998
7999
8002
8003
8004
8005
8008
8009
8010
8012
8020
8021
8025
8026
8027
8031
8033
8035
8036
8039
8040
8041
8043
8044
8046
8047
8050
8055
8058
8066
8067
8070
8071
8072
8075
8076
8077
8078
8079
8083
8090
8091
8092
8093
8094
8105
8106
8107
8108
8111
8112
8114
8116
8117
8125
8127
8128
8130
8133
8139
8141
8144
8150
8154
8155
8159
8162
8166
8169
8173
8174
8176
8178
8181
8185
8191
8192
8196
8200
8201
8203
8207
8209
8210
8213
8214
8215
8218
8223
8224
8225
8226
8227
8228
8229
8230
8232
8233
8234
8235
8236
8238
8239
8240
8241
8243
8248
8249
8252
8253
8254
8256
8263
8266
8268
8269
8270
8272
8273
8277
8281
8282
8283
8284
8285
8286
8287
8288
8291
8293
8294
8297
8298
8299
8301
8305
8309
8311
8312
8313
8316
8319
8320
8322
8323
8325
8327
8334
8335
8341
8342
8344
8347
8348
8350
8352
8355
8357
8360
8362
8363
8364
8369
8370
8371
8377
8378
8379
8380
8382
8383
8384
8385
8386
8388
8390
8392
8393
8394
8396
8397
8399
8400
8405
8406
8407
8410
8411
8413
8416
8417
8420
8422
8424
8426
8428
8429
8430
8432
8433
8438
8439
8440
8441
8443
8447
8450
8451
8453
8458
8459
8460
8462
8463
8466
8472
8475
8478
8479
8480
8484
8489
8490
8492
8493
8496
8499
8505
8507
8512
8513
8514
8515
8517
8521
8522
8527
8532
8535
8537
8538
8541
8542
8543
8544
8548
8549
8550
8551
8552
8554
8556
8561
8563
8567
8569
8573
8576
8578
8580
8581
8582
8583
8584
8585
8586
8592
8593
8598
8599
8600
8605
8606
8607
8609
8610
8611
8613
8616
8618
8623
8625
8633
8634
8638
8639
8641
8648
8649
8651
8658
8659
8662
8664
8665
8668
8670
8673
8674
8675
8677
8679
8685
8687
8688
8689
8690
8691
8693
8694
8695
8697
8699
8702
8705
8709
8711
8712
8714
8716
8720
8721
8722
8724
8725
8726
8727
8728
8730
8731
8732
8734
8740
8742
8746
8749
8751
8753
8754
8755
8757
8758
8759
8760
8763
8768
8769
8771
8772
8779
8780
8781
8786
8787
8788
8792
8796
8799
8800
8802
8807
8809
8810
8811
8813
8816
8817
8820
8821
8825
8826
8829
8832
8836
8837
8839
8840
8845
8846
8847
8849
8850
8851
8854
8856
8859
8862
8864
8865
8866
8871
8873
8875
8876
8877
8879
8880
8881
8883
8884
8889
8891
8892
8893
8895
8898
8899
8900
8903
8906
8908
8913
8914
8917
8919
8922
8926
8927
8928
8930
8931
8933
8934
8936
8938
8941
8942
8944
8947
8952
8954
8955
8957
8958
8959
8960
8961
8962
8963
8969
8970
8971
8975
8980
8981
8988
8989
8990
8991
8992
8993
8995
8997
9008
9009
9010
9011
9014
9016
9017
9018
9019
9021
9025
9026
9028
9030
9032
9035
9039
9040
9042
9043
9044
9046
9047
9051
9054
9058
9063
9064
9065
9066
9067
9068
9069
9072
9073
9074
9076
9080
9081
9082
9089
9093
9094
9100
9101
9103
9106
9107
9115
9116
9120
9123
9127
9128
9131
9132
9138
9139
9141
9142
9147
9149
9150
9153
9154
9157
9158
9160
9163
9169
9171
9181
9184
9185
9186
9187
9190
9191
9192
9193
9194
9195
9198
9199
9201
9202
9205
9206
9209
9211
9213
9214
9218
9219
9222
9223
9224
9226
9228
9230
9232
9234
9239
9242
9245
9253
9259
9260
9261
9262
9265
9266
9269
9270
9282
9285
9286
9287
9288
9289
9290
9292
9294
9295
9299
9300
9302
9305
9306
9309
9313
9315
9316
9321
9323
9326
9329
9330
9332
9333
9335
9337
9338
9342
9345
9346
9349
9351
9355
9356
9357
9364
9370
9373
9375
9376
9383
9384
9385
9386
9388
9389
9391
9392
9393
9395
9397
9398
9400
9402
9403
9404
9405
9407
9408
9409
9410
9412
9413
9415
9421
9422
9424
9425
9427
9429
9430
9431
9432
9433
9436
9441
9442
9444
9446
9448
9449
9452
9453
9458
9459
9461
9462
9464
9465
9466
9472
9478
9479
9481
9482
9486
9488
9491
9493
9494
9497
9498
9499
9502
9507
9508
9513
9517
9521
9523
9524
9526
9529
9531
9538
9540
9541
9542
9544
9545
9547
9549
9554
9557
9558
9560
9562
9572
9573
9574
9577
9578
9582
9583
9584
9585
9586
9587
9591
9594
9595
9602
9607
9608
9610
9611
9612
9615
9616
9617
9618
9620
9621
9623
9628
9629
9633
9635
9637
9641
9644
9645
9646
9647
9649
9650
9651
9654
9656
9663
9664
9666
9668
9670
9674
9677
9680
9682
9684
9686
9687
9688
9689
9692
9694
9698
9699
9700
9701
9703
9704
9705
9706
9708
9710
9713
9714
9715
9716
9718
9719
9721
9722
9725
9729
9732
9733
9734
9738
9739
9743
9745
9747
9749
9750
9751
9752
9755
9757
9760
9765
9766
9767
9768
9770
9773
9776
9778
9781
9782
9783
9786
9788
9790
9794
9798
9800
9802
9805
9806
9808
9809
9813
9814
9815
9819
9821
9822
9823
9824
9827
9828
9830
9831
9832
9833
9835
9839
9840
9842
9845
9852
9858
9859
9863
9867
9873
9874
9875
9877
9880
9881
9882
9883
9886
9887
9896
9899
9905
9906
9908
9909
9910
9914
9915
9917
9918
9919
9923
9926
9928
9930
9936
9939
9941
9942
9945
9947
9949
9951
9955
9958
9961
9962
9963
9969
9971
9972
9973
9980
9981
9983
9984
9987
9992
9993
9997
9999
10000
10001
10002
10004
10007
10009
10011
10015
10016
10020
10023
10024
10025
10026
10028
10031
10032
10036
10038
10042
10044
10046
10050
10051
10054
10055
10057
10059
10060
10061
10063
10069
10070
10072
10076
10078
10080
10082
10086
10089
10090
10092
10094
10095
10098
10101
10104
10105
10109
10112
10113
10114
10115
10116
10121
10122
10124
10125
10127
10132
10133
10134
10137
10140
10143
10148
10151
10153
10154
10158
10160
10166
10167
10169
10171
10172
10176
10179
10183
10185
10186
10196
10198
10199
10202
10204
10205
10207
10208
10209
10213
10214
10215
10217
10218
10221
10226
10227
10232
10233
10234
10238
10240
10243
10246
10247
10249
10258
10260
10265
10268
10274
10276
10278
10283
10284
10291
10292
10293
10298
10303
10306
10308
10311
10315
10316
10318
10319
10322
10324
10326
10327
10329
10330
10332
10336
10337
10338
10340
10343
10345
10347
10348
10351
10352
10354
10356
10361
10366
10367
10368
10369
10375
10377
10379
10383
10385
10386
10387
10388
10391
10393
10395
10400
10401
10402
10406
10407
10408
10411
10413
10417
10421
10423
10429
10431
10432
10433
10434
10435
10436
10439
10440
10445
10449
10453
10455
10458
10459
10461
10462
10467
10469
10471
10472
10476
10477
10478
10481
10482
10486
10487
10489
10490
10491
10493
10495
10497
10498
10500
10501
10502
10503
10504
10508
10511
10513
10514
10518
10519
10520
10523
10524
10525
10527
10529
10534
10537
10539
10540
10544
10546
10547
10553
10555
10556
10557
10560
10567
10568
10572
10573
10574
10575
10576
10577
10578
10580
10581
10585
10587
10588
10592
10593
10597
10604
10611
10613
10614
10617
10619
10620
10621
10623
10627
10630
10636
10638
10640
10641
10642
10644
10649
10653
10654
10655
10660
10662
10664
10665
10669
10671
10673
10674
10675
10676
10677
10682
10693
10704
10707
10708
10710
10714
10718
10719
10721
10722
10725
10728
10730
10732
10733
10734
10735
10737
10744
10747
10755
10756
10761
10762
10763
10764
10768
10770
10772
10774
10775
10777
10780
10781
10782
10784
10786
10788
10789
10790
10792
10793
10794
10798
10800
10801
10809
10812
10813
10815
10817
10820
10821
10827
10833
10835
10839
10842
10847
10848
10851
10852
10854
10858
10860
10864
10867
10869
10873
10875
10876
10879
10880
10883
10884
10885
10888
10891
10896
10901
10902
10904
10908
10909
10910
10912
10916
10917
10921
10923
10924
10926
10927
10928
10931
10932
10934
10936
10939
10942
10943
10944
10945
10949
10952
10954
10960
10962
10972
10973
10976
10977
10981
10982
10983
10984
10985
10986
10989
10990
10995
10997
10998
11006
11008
11010
11013
11014
11015
11017
11020
11024
11025
11027
11033
11034
11036
11037
11038
11039
11042
11044
11046
11062
11063
11065
11066
11067
11069
11071
11072
11074
11076
11079
11081
11085
11086
11092
11093
11094
11096
11097
11098
11099
11106
11107
11111
11112
11120
11121
11128
11129
11131
11133
11135
11136
11137
11141
11142
11145
11150
11157
11161
11163
11167
11170
11172
11173
11175
11177
11178
11180
11181
11182
11184
11187
11191
11192
11198
11199
11206
11208
11211
11212
11214
11216
11219
11220
11221
11224
11225
11229
11233
11237
11239
11243
11249
11251
11252
11253
11256
11259
11262
11265
11266
11269
11270
11271
11272
11274
11277
11281
11282
11283
11286
11289
11290
11293
11294
11296
11297
11302
11303
11305
11309
11312
11314
11316
11317
11319
11323
11324
11325
11327
11328
11329
11330
11331
11332
11334
11336
11342
11343
11344
11345
11346
11348
11352
11353
11355
11358
11361
11364
11367
11369
11371
11372
11373
11375
11376
11377
11388
11389
11390
11392
11393
11394
11395
11396
11399
11404
11405
11406
11411
11412
11418
11420
11422
11423
11425
11430
11431
11432
11435
11438
11439
11443
11444
11445
11446
11448
11449
11450
11454
11455
11461
11462
11469
11474
11475
11478
11480
11481
11482
11484
11486
11487
11488
11490
11491
11494
11495
11496
11497
11499
11502
11504
11505
11508
11510
11511
11512
11515
11516
11518
11519
11520
11522
11523
11524
11532
11534
11538
11539
11542
11547
11548
11556
11558
11559
11560
11561
11562
11563
11566
11567
11570
11573
11575
11577
11579
11581
11582
11586
11587
11592
11594
11599
11600
11608
11612
11614
11615
11617
11618
11619
11623
11627
11641
11642
11643
11646
11647
11649
11650
11651
11655
11657
11658
11659
11662
11664
11665
11667
11668
11669
11670
11671
11672
11675
11677
11679
11680
11682
11686
11688
11692
11693
11694
11696
11702
11703
11706
11711
11713
11717
11720
11722
11728
11731
11732
11736
11740
11743
11748
11749
11752
11755
11757
11758
11760
11762
11763
11766
11768
11769
11770
11771
11774
11778
11779
11781
11783
11784
11786
11790
11791
11793
11795
11796
11798
11801
11802
11806
11808
11813
11814
11815
11817
11820
11823
11825
11828
11830
11831
11835
11837
11839
11841
11847
11848
11851
11855
11856
11861
11862
11863
11864
11867
11869
11871
11872
11879
11880
11886
11890
11891
11892
11894
11898
11903
11904
11906
11908
11911
11912
11913
11915
11916
11918
11920
11924
11925
11926
11933
11934
11935
11937
11938
11942
11944
11946
11947
11951
11954
11960
11961
11962
11965
11969
11970
11973
11979
11980
11981
11987
11988
11992
11994
11996
11997
12000
12001
12005
12010
12011
12012
12014
12015
12016
12017
12019
12025
12026
12029
12041
12051
12054
12055
12056
12058
12059
12060
12061
12063
12064
12067
12069
12071
12075
12080
12081
12083
12084
12089
12091
12092
12094
12095
12096
12102
12103
12107
12108
12112
12114
12115
12124
12127
12128
12130
12131
12132
12135
12136
12137
12138
12139
12140
12142
12143
12145
12146
12147
12149
12154
12156
12158
12161
12162
12164
12167
12169
12170
12171
12175
12177
12182
12184
12188
12190
12193
12194
12196
12197
12198
12201
12203
12205
12206
12208
12209
12210
12212
12213
12216
12224
12225
12227
12228
12233
12234
12235
12238
12242
12248
12251
12252
12253
12254
12258
12259
12262
12263
12264
12265
12267
12269
12270
12271
12273
12274
12275
12277
12279
12280
12281
12284
12286
12288
12290
12291
12293
12295
12296
12297
12298
12300
12305
12306
12310
12311
12312
12314
12316
12317
12318
12325
12326
12330
12332
12341
12342
12346
12347
12355
12358
12360
12362
12365
12366
12367
12368
12370
12373
12380
12385
12386
12390
12392
12393
12394
12396
12397
12398
12399
12400
12403
12404
12406
12409
12413
12414
12415
12416
12419
12420
12421
12423
12426
12427
12432
12433
12434
12440
12441
12442
12443
12447
12449
12450
12451
12454
12455
12458
12459
12463
12466
12467
12468
12472
12474
12475
12477
12480
12482
12484
12485
12487
12488
12494
12495
12496
12498
12499
12500
12502
12503
12505
12508
12509
12510
12511
12514
12515
12522
12526
12529
12530
12532
12533
12540
12542
12543
12544
12545
12549
12550
12551
12552
12553
12555
12556
12558
12560
12562
12564
12567
12570
12571
12572
12574
12577
12579
12585
12593
12594
12598
12599
12600
12602
12605
12607
12608
12611
12612
12613
12616
12617
12618
12619
12620
12621
12622
12625
12631
12633
12634
12635
12636
12637
12638
12640
12642
12644
12647
12648
12649
12651
12652
12654
12655
12658
12659
12661
12663
12664
12668
12669
12670
12671
12673
12674
12676
12677
12682
12684
12685
12688
12689
12690
12692
12694
12696
12698
12699
12701
12704
12711
12713
12714
12720
12721
12724
12726
12729
12733
12734
12735
12737
12742
12747
12750
12753
12757
12758
12763
12764
12766
12769
12774
12783
12785
12787
12788
12792
12793
12795
12800
12803
12808
12810
12811
12814
12818
12819
12821
12822
12824
12825
12828
12830
12831
12835
12839
12842
12845
12848
12852
12853
12857
12858
12860
12861
12862
12863
12864
12865
12866
12869
12872
12878
12879
12880
12882
12885
12886
12892
12893
12894
12897
12899
12902
12906
12911
12912
12913
12914
12921
12922
12923
12928
12930
12931
12933
12934
12938
12939
12942
12943
12944
12945
12946
12947
12948
12949
12950
12952
12957
12958
12961
12962
12964
12967
12968
12972
12977
12987
12989
12990
12991
12995
12996
12997
12999
13002
13004
13005
13009
13013
13016
13018
13021
13023
13024
13025
13031
13032
13036
13038
13042
13048
13051
13057
13059
13061
13062
13063
13074
13076
13077
13078
13087
13088
13091
13093
13095
13099
13101
13102
13105
13112
13116
13122
13123
13125
13127
13131
13134
13136
13137
13141
13142
13147
13156
13160
13162
13164
13168
13169
13170
13174
13179
13180
13181
13182
13184
13185
13187
13189
13191
13192
13193
13197
13198
13199
13200
13202
13205
13206
13210
13212
13213
13214
13222
13223
13225
13227
13228
13232
13235
13237
13241
13242
13243
13245
13248
13249
13250
13253
13256
13257
13259
13260
13262
13263
13264
13266
13269
13272
13273
13274
13276
13278
13283
13285
13288
13289
13290
13292
13293
13294
13296
13298
13301
13303
13304
13305
13307
13312
13313
13314
13316
13317
13318
13320
13325
13326
13327
13331
13334
13335
13336
13337
13339
13346
13347
13348
13350
13351
13352
13353
13358
13359
13365
13366
13369
13371
13374
13378
13379
13383
13385
13393
13397
13398
13400
13401
13405
13414
13416
13419
13421
13422
13423
13424
13426
13430
13431
13436
13439
13444
13445
13448
13451
13457
13458
13459
13460
13464
13469
13470
13472
13473
13474
13475
13476
13478
13479
13480
13485
13487
13488
13489
13492
13493
13494
13495
13500
13502
13504
13505
13506
13508
13511
13512
13516
13520
13521
13522
13530
13534
13535
13537
13538
13539
13540
13542
13543
13545
13546
13547
13550
13553
13555
13563
13565
13566
13568
13571
13573
13577
13587
13588
13589
13592
13593
13596
13600
13603
13608
13611
13613
13614
13615
13616
13617
13619
13620
13621
13622
13626
13627
13628
13636
13641
13643
13644
13645
13646
13648
13649
13650
13653
13654
13656
13657
13658
13659
13661
13662
13663
13664
13666
13671
13672
13677
13680
13685
13686
13690
13691
13693
13694
13697
13698
13699
13705
13709
13716
13720
13721
13722
13723
13726
13727
13729
13737
13738
13745
13748
13749
13750
13753
13756
13758
13759
13761
13769
13778
13781
13782
13784
13786
13789
13790
13793
13794
13795
13796
13800
13806
13807
13817
13821
13825
13827
13830
13834
13840
13841
13842
13843
13844
13845
13847
13848
13850
13855
13858
13859
13866
13869
13874
13882
13883
13887
13889
13890
13896
13897
13898
13901
13902
13906
13907
13908
13910
13911
13913
13915
13917
13918
13925
13928
13933
13935
13936
13939
13940
13941
13942
13943
13944
13949
13953
13955
13956
13958
13960
13962
13967
13969
13976
13978
13986
13987
13990
13993
13998
14000
14001
14002
14004
14009
14010
14011
14013
14015
14018
14019
14020
14021
14023
14024
14027
14028
14031
14036
14037
14038
14040
14042
14043
14046
14048
14050
14052
14053
14055
14056
14058
14061
14064
14069
14072
14073
14074
14078
14081
14083
14084
14085
14086
14087
14089
14090
14092
14095
14102
14105
14106
14107
14108
14110
14116
14126
14128
14132
14133
14134
14135
14137
14138
14140
14141
14149
14155
14157
14160
14161
14167
14169
14170
14172
14173
14175
14176
14180
14186
14188
14189
14192
14194
14201
14203
14205
14210
14213
14214
14215
14217
14219
14222
14224
14226
14229
14233
14236
14239
14240
14243
14246
14248
14254
14255
14258
14260
14262
14266
14267
14269
14272
14274
14277
14278
14281
14282
14283
14286
14289
14291
14295
14298
14299
14301
14309
14322
14325
14327
14330
14332
14334
14337
14338
14339
14340
14344
14348
14350
14351
14357
14358
14360
14361
14364
14369
14372
14373
14374
14375
14376
14377
14380
14382
14384
14385
14389
14392
14394
14396
14398
14400
14401
14404
14405
14408
14409
14415
14419
14420
14422
14423
14429
14433
14434
14435
14437
14440
14441
14444
14448
14455
14458
14459
14460
14461
14465
14467
14469
14470
14473
14474
14475
14480
14481
14482
14485
14487
14488
14494
14496
14499
14501
14502
14504
14505
14506
14510
14514
14516
14517
14518
14520
14522
14525
14527
14528
14530
14533
14535
14536
14540
14541
14544
14551
14556
14559
14561
14562
14563
14564
14566
14567
14571
14572
14574
14576
14577
14578
14581
14584
14585
14586
14587
14588
14592
14593
14595
14597
14598
14599
14605
14606
14607
14609
14611
14613
14614
14616
14617
14619
14620
14628
14629
14631
14635
14637
14638
14641
14645
14647
14650
14651
14652
14654
14656
14657
14660
14663
14664
14668
14669
14670
14674
14678
14679
14685
14686
14692
14693
14695
14697
14698
14699
14701
14704
14707
14708
14711
14712
14714
14715
14720
14723
14725
14727
14729
14731
14732
14735
14736
14737
14739
14740
14742
14743
14744
14754
14755
14762
14766
14767
14768
14769
14770
14771
14773
14776
14777
14782
14783
14784
14786
14787
14791
14793
14799
14802
14812
14813
14816
14819
14821
14830
14832
14834
14836
14837
14838
14840
14841
14842
14845
14846
14854
14855
14859
14860
14862
14864
14865
14868
14882
14887
14889
14893
14895
14896
14897
14899
14902
14907
14909
14910
14911
14912
14914
14922
14924
14926
14929
14930
14932
14934
14937
14939
14946
14950
14951
14952
14957
14960
14961
14962
14968
14970
14971
14973
14975
14976
14979
14980
14983
14986
14990
14993
14995
14998
14999
15002
15004
15005
15007
15008
15011
15016
15018
15019
15021
15023
15024
15025
15026
15027
15028
15029
15033
15034
15041
15042
15043
15044
15049
15050
15051
15053
15056
15057
15059
15061
15062
15065
15067
15068
15070
15071
15072
15073
15074
15075
15076
15079
15086
15087
15088
15094
15095
15100
15102
15103
15111
15113
15114
15119
15120
15122
15123
15131
15133
15135
15139
15141
15143
15145
15147
15152
15153
15154
15156
15157
15159
15160
15161
15162
15166
15167
15168
15169
15171
15178
15180
15181
15184
15185
15186
15190
15192
15194
15200
15207
15208
15211
15212
15213
15214
15216
15219
15221
15222
15224
15225
15229
15231
15232
15236
15239
15246
15247
15248
15254
15256
15260
15261
15263
15264
15268
15269
15270
15273
15278
15280
15281
15282
15284
15288
15292
15293
15296
15301
15303
15304
15306
15308
15309
15312
15313
15315
15317
15319
15320
15322
15326
15327
15328
15329
15331
15332
15334
15335
15336
15339
15340
15344
15349
15351
15352
15355
15357
15363
15367
15368
15370
15374
15377
15378
15379
15384
15388
15389
15390
15391
15393
15394
15395
15401
15403
15410
15413
15416
15417
15420
15422
15424
15426
15428
15431
15435
15437
15440
15441
15442
15448
15451
15452
15454
15455
15458
15459
15467
15469
15471
15474
15476
15480
15481
15482
15483
15486
15489
15490
15493
15500
15503
15505
15512
15513
15519
15520
15523
15528
15531
15532
15533
15537
15538
15539
15541
15542
15544
15545
15546
15547
15548
15549
15550
15551
15553
15554
15556
15562
15564
15569
15571
15574
15576
15578
15579
15585
15587
15588
15589
15592
15593
15600
15601
15603
15604
15607
15612
15613
15616
15617
15618
15621
15628
15629
15631
15634
15635
15639
15640
15642
15644
15646
15648
15651
15658
15661
15662
15666
15667
15671
15672
15673
15674
15675
15676
15677
15679
15681
15682
15683
15686
15687
15690
15692
15697
15698
15706
15707
15709
15713
15714
15715
15716
15718
15723
15724
15725
15726
15727
15729
15732
15734
15735
15736
15738
15739
15740
15742
15744
15745
15746
15747
15750
15755
15757
15766
15769
15770
15772
15775
15778
15789
15796
15801
15803
15805
15807
15808
15811
15813
15814
15817
15819
15822
15823
15824
15825
15831
15832
15835
15839
15842
15843
15845
15848
15850
15854
15857
15860
15861
15862
15865
15866
15867
15871
15873
15881
15882
15883
15884
15886
15887
15888
15891
15892
15894
15895
15896
15898
15899
15900
15902
15903
15908
15909
15918
15919
15920
15921
15922
15923
15927
15931
15932
15940
15945
15946
15948
15952
15953
15958
15959
15962
15963
15964
15966
15967
15970
15974
15975
15976
15985
15986
15988
15990
15991
15992
15995
15997
16002
16004
16006
16008
16009
16010
16015
16016
16019
16023
16028
16030
16032
16033
16034
16037
16039
16041
16042
16043
16044
16049
16050
16052
16056
16057
16060
16062
16064
16069
16070
16074
16076
16080
16081
16082
16083
16085
16089
16098
16101
16104
16105
16106
16107
16108
16110
16116
16119
16123
16125
16132
16133
16134
16135
16138
16139
16142
16148
16150
16152
16158
16159
16160
16162
16164
16167
16171
16174
16176
16177
16185
16195
16197
16198
16201
16202
16203
16204
16206
16207
16211
16212
16213
16214
16215
16216
16219
16220
16221
16224
16226
16235
16236
16240
16242
16246
16247
16248
16249
16253
16254
16256
16260
16263
16265
16268
16273
16278
16279
16280
16286
16291
16292
16296
16302
16303
16304
16309
16310
16311
16316
16318
16323
16325
16328
16329
16331
16334
16335
16339
16340
16345
16346
16347
16349
16356
16359
16362
16363
16366
16369
16370
16372
16373
16374
16375
16379
16381
16383
16387
16389
16391
16392
16402
16403
16405
16409
16410
16416
16419
16422
16424
16429
16433
16435
16438
16439
16441
16445
16448
16449
16450
16451
16452
16461
16462
16463
16467
16468
16469
16470
16474
16476
16478
16479
16480
16484
16485
16486
16490
16491
16494
16495
16496
16497
16498
16499
16500
16501
16502
16506
16507
16511
16515
16516
16521
16522
16529
16531
16533
16538
16543
16547
16553
16555
16557
16558
16560
16569
16570
16574
16575
16579
16582
16583
16584
16587
16590
16591
16592
16594
16595
16597
16598
16599
16603
16604
16608
16609
16612
16614
16615
16616
16619
16622
16624
16627
16628
16629
16632
16635
16636
16638
16639
16640
16641
16642
16643
16647
16650
16652
16653
16654
16657
16658
16659
16666
16670
16673
16680
16682
16685
16689
16696
16697
16704
16705
16707
16713
16714
16725
16726
16728
16729
16731
16732
16745
16747
16748
16749
16753
16761
16762
16765
16767
16769
16770
16773
16775
16777
16779
16785
16790
16799
16801
16802
16803
16804
16805
16806
16807
16809
16812
16818
16819
16820
16823
16824
16830
16832
16837
16839
16849
16850
16851
16852
16853
16869
16871
16873
16875
16880
16882
16883
16885
16887
16890
16892
16895
16896
16897
16900
16901
16903
16904
16907
16908
16910
16912
16913
16914
16916
16917
16918
16920
16923
16928
16933
16934
16936
16940
16941
16943
16946
16947
16950
16951
16952
16953
16960
16962
16964
16967
16972
16974
16975
16981
16982
16985
16986
16988
16990
16991
16992
16993
16997
16998
16999
17001
17002
17005
17007
17012
17018
17020
17021
17023
17026
17028
17029
17032
17036
17038
17040
17042
17045
17046
17049
17050
17051
17054
17055
17059
17065
17066
17067
17068
17069
17071
17073
17077
17079
17081
17082
17084
17088
17090
17093
17094
17096
17099
17103
17106
17111
17112
17114
17118
17121
17125
17126
17129
17130
17133
17138
17140
17142
17144
17146
17147
17149
17154
17162
17163
17164
17165
17166
17172
17177
17178
17180
17181
17184
17188
17189
17190
17194
17196
17197
17198
17201
17202
17204
17205
17207
17211
17213
17216
17218
17219
17221
17222
17224
17225
17231
17232
17234
17236
17241
17242
17244
17249
17250
17253
17255
17257
17258
17263
17265
17266
17267
17271
17272
17276
17277
17278
17279
17281
17283
17286
17287
17292
17293
17294
17295
17296
17298
17299
17300
17304
17309
17310
17312
17313
17318
17319
17322
17324
17325
17327
17329
17330
17331
17332
17333
17334
17338
17339
17340
17341
17342
17343
17344
17347
17355
17357
17359
17362
17364
17365
17366
17368
17369
17373
17379
17380
17385
17388
17390
17391
17392
17393
17394
17396
17397
17398
17405
17408
17416
17417
17419
17421
17422
17425
17429
17434
17436
17437
17438
17439
17440
17441
17442
17444
17446
17447
17449
17451
17453
17454
17456
17461
17462
17463
17467
17472
17475
17476
17478
17479
17481
17483
17484
17489
17495
17497
17503
17504
17507
17511
17514
17515
17516
17520
17521
17522
17525
17527
17532
17533
17542
17544
17547
17548
17549
17550
17552
17554
17555
17558
17560
17561
17562
17569
17575
17576
17578
17580
17581
17582
17584
17585
17591
17598
17601
17602
17603
17604
17605
17606
17608
17613
17620
17623
17624
17625
17626
17627
17628
17629
17631
17633
17638
17644
17645
17646
17647
17651
17652
17654
17658
17662
17663
17665
17671
17675
17676
17680
17689
17690
17691
17692
17693
17695
17696
17697
17698
17699
17701
17703
17710
17713
17714
17715
17717
17719
17722
17723
17725
17726
17727
17732
17734
17736
17738
17741
17744
17745
17749
17751
17752
17755
17756
17757
17758
17760
17762
17768
17769
17770
17772
17773
17776
17778
17780
17781
17782
17787
17788
17789
17791
17794
17796
17800
17801
17802
17804
17806
17809
17814
17817
17819
17820
17823
17824
17827
17830
17835
17837
17839
17841
17843
17845
17852
17853
17854
17856
17857
17860
17865
17868
17869
17870
17876
17877
17878
17879
17881
17883
17884
17885
17890
17893
17895
17897
17902
17904
17908
17909
17911
17912
17917
17920
17925
17926
17928
17929
17930
17932
17933
17936
17937
17939
17945
17948
17950
17951
17952
17953
17957
17958
17960
17961
17962
17966
17974
17977
17979
17980
17986
17987
17988
17991
17992
17993
17994
17997
17998
18001
18003
18009
18011
18014
18015
18016
18017
18021
18024
18026
18030
18031
18034
18036
18037
18039
18041
18043
18044
18045
18049
18052
18053
18059
18061
18063
18067
18068
18069
18070
18071
18072
18079
18081
18083
18084
18087
18088
18089
18090
18092
18095
18097
18102
18103
18109
18111
18112
18113
18116
18118
18128
18129
18132
18136
18137
18138
18139
18142
18145
18146
18147
18151
18153
18156
18159
18160
18163
18164
18165
18168
18172
18173
18174
18175
18177
18178
18180
18182
18184
18188
18190
18196
18204
18206
18216
18221
18223
18224
18225
18228
18239
18241
18243
18244
18247
18248
18249
18250
18251
18252
18259
18261
18269
18281
18288
18291
18292
18296
18304
18305
18309
18320
18321
18322
18332
18333
18334
18335
18339
18342
18345
18347
18351
18354
18356
18359
18360
18361
18363
18364
18365
18372
18373
18374
18376
18377
18379
18382
18385
18387
18389
18400
18402
18404
18405
18406
18407
18408
18410
18411
18417
18418
18419
18420
18422
18423
18426
18431
18432
18434
18436
18437
18444
18448
18449
18450
18453
18454
18455
18456
18458
18459
18460
18461
18463
18464
18471
18472
18473
18474
18475
18476
18477
18480
18481
18484
18485
18490
18493
18495
18498
18499
18501
18504
18505
18507
18508
18509
18510
18511
18513
18515
18516
18517
18518
18519
18521
18523
18524
18525
18527
18532
18534
18536
18543
18549
18551
18555
18557
18559
18561
18562
18567
18569
18571
18572
18574
18575
18577
18578
18580
18583
18587
18588
18590
18595
18599
18601
18603
18605
18608
18611
18616
18617
18618
18621
18623
18624
18628
18629
18635
18636
18639
18643
18648
18650
18655
18660
18662
18664
18665
18666
18667
18668
18670
18671
18672
18674
18677
18679
18682
18683
18684
18689
18697
18698
18701
18702
18703
18707
18709
18710
18715
18716
18717
18722
18723
18724
18732
18734
18737
18739
18740
18741
18742
18743
18746
18748
18750
18752
18754
18755
18756
18758
18764
18766
18769
18771
18772
18773
18774
18776
18778
18780
18783
18786
18788
18793
18796
18797
18798
18800
18802
18806
18807
18808
18810
18812
18813
18818
18825
18826
18827
18828
18831
18832
18833
18834
18835
18838
18840
18842
18843
18845
18846
18847
18848
18849
18850
18853
18855
18856
18858
18862
18863
18864
18867
18869
18870
18871
18872
18873
18876
18879
18891
18892
18894
18895
18899
18900
18902
18905
18911
18914
18917
18919
18920
18921
18922
18923
18926
18930
18933
18934
18936
18937
18942
18946
18951
18956
18957
18962
18965
18967
18968
18971
18973
18974
18975
18978
18980
18983
18984
18985
18986
18987
18989
18991
18992
18997
18998
19003
19004
19006
19009
19014
19017
19018
19022
19023
19024
19025
19028
19030
19042
19044
19047
19048
19049
19050
19051
19052
19055
19056
19059
19060
19063
19064
19065
19067
19070
19072
19075
19076
19077
19078
19081
19084
19087
19088
19091
19093
19094
19099
19100
19107
19108
19111
19113
19115
19116
19117
19118
19121
19122
19123
19124
19125
19128
19130
19131
19134
19135
19144
19145
19150
19153
19155
19158
19162
19164
19165
19168
19169
19171
19176
19177
19178
19181
19182
19185
19187
19191
19193
19195
19196
19198
19199
19201
19202
19204
19208
19209
19212
19214
19215
19219
19222
19224
19225
19228
19229
19232
19233
19235
19238
19240
19241
19246
19249
19254
19255
19256
19257
19258
19260
19266
19267
19268
19269
19270
19272
19275
19277
19278
19279
19292
19293
19296
19299
19305
19308
19312
19313
19315
19318
19324
19329
19330
19334
19335
19336
19338
19339
19343
19344
19348
19354
19356
19365
19367
19374
19376
19378
19381
19382
19386
19390
19392
19393
19396
19398
19404
19406
19408
19415
19417
19418
19423
19426
19427
19428
19430
19433
19435
19438
19445
19446
19447
19448
19451
19452
19453
19456
19457
19458
19460
19461
19463
19464
19467
19468
19471
19472
19474
19478
19484
19485
19493
19496
19500
19501
19504
19510
19515
19519
19523
19524
19528
19529
19536
19538
19540
19541
19542
19546
19547
19548
19551
19553
19554
19555
19557
19558
19559
19560
19563
19564
19567
19569
19570
19571
19572
19573
19574
19578
19584
19585
19586
19587
19592
19594
19595
19596
19597
19598
19599
19601
19604
19605
19606
19610
19617
19619
19623
19624
19625
19626
19628
19630
19632
19639
19647
19649
19650
19653
19654
19656
19659
19661
19662
19669
19670
19673
19674
19676
19680
19681
19684
19688
19692
19693
19697
19701
19706
19707
19711
19713
19715
19718
19722
19723
19731
19733
19735
19737
19738
19740
19741
19744
19745
19747
19748
19749
19751
19752
19754
19755
19758
19761
19762
19763
19764
19768
19769
19770
19775
19777
19778
19779
19780
19781
19783
19784
19789
19791
19792
19797
19798
19801
19802
19803
19805
19807
19809
19810
19813
19814
19819
19824
19826
19828
19829
19830
19841
19842
19843
19847
19848
19850
19858
19859
19860
19861
19862
19864
19865
19868
19869
19870
19872
19875
19877
19883
19884
19885
19886
19887
19888
19891
19894
19899
19901
19903
19904
19905
19913
19917
19920
19921
19927
19928
19931
19934
19935
19937
19941
19944
19947
19955
19959
19960
19964
19967
19973
19976
19977
19979
19980
19982
19988
19990
19994
19995
19997
20005
20006
20007
20013
20014
20015
20018
20020
20021
20023
20025
20031
20033
20035
20037
20041
20042
20043
20044
20049
20050
20051
20052
20053
20060
20062
20064
20069
20073
20074
20078
20079
20081
20083
20086
20088
20089
20090
20091
20092
20093
20095
20097
20100
20102
20104
20109
20110
20111
20114
20117
20124
20127
20128
20132
20133
20137
20138
20142
20147
20150
20153
20155
20157
20159
20168
20169
20171
20175
20176
20177
20178
20181
20184
20185
20187
20189
20190
20191
20193
20195
20199
20200
20202
20205
20206
20209
20210
20212
20217
20221
20229
20230
20234
20237
20242
20243
20245
20247
20248
20256
20257
20265
20266
20275
20278
20283
20287
20289
20291
20293
20295
20298
20300
20301
20304
20306
20309
20311
20315
20316
20317
20318
20322
20324
20326
20331
20332
20333
20339
20340
20341
20342
20344
20349
20351
20355
20361
20368
20373
20374
20375
20376
20377
20378
20381
20384
20385
20386
20387
20388
20389
20390
20395
20397
20398
20399
20400
20401
20403
20404
20405
20406
20413
20418
20419
20423
20426
20427
20430
20432
20435
20443
20446
20447
20448
20450
20452
20455
20458
20459
20463
20465
20471
20472
20474
20476
20478
20480
20483
20485
20488
20492
20495
20496
20502
20506
20509
20513
20514
20522
20523
20528
20529
20530
20533
20536
20538
20539
20540
20543
20549
20552
20553
20556
20558
20566
20567
20568
20569
20573
20574
20575
20576
20579
20580
20584
20586
20591
20597
20598
20599
20601
20602
20605
20606
20607
20611
20612
20613
20614
20615
20616
20618
20619
20620
20625
20627
20635
20640
20641
20642
20644
20646
20655
20658
20661
20664
20667
20668
20669
20671
20672
20673
20677
20679
20686
20687
20691
20692
20693
20695
20696
20697
20707
20709
20711
20712
20713
20718
20721
20726
20728
20735
20738
20740
20745
20748
20749
20751
20752
20753
20755
20761
20762
20767
20771
20773
20774
20778
20779
20781
20784
20787
20788
20789
20794
20798
20799
20802
20805
20806
20807
20808
20811
20814
20815
20817
20819
20820
20821
20822
20825
20826
20828
20829
20832
20834
20835
20836
20838
20839
20840
20841
20842
20844
20848
20850
20851
20852
20854
20856
20858
20859
20861
20862
20863
20865
20867
20872
20878
20879
20880
20881
20888
20889
20890
20893
20894
20904
20905
20908
20909
20910
20912
20914
20915
20918
20919
20920
20922
20925
20926
20927
20928
20929
20931
20933
20934
20942
20943
20944
20946
20954
20958
20959
20961
20962
20963
20964
20969
20975
20979
20980
20981
20982
20983
20985
20987
20988
20992
20994
20996
20997
20998
21000
21004
21005
21006
21007
21008
21013
21017
21020
21021
21027
21028
21029
21030
21035
21037
21040
21042
21046
21047
21048
21050
21053
21055
21056
21057
21059
21060
21061
21062
21063
21064
21067
21071
21076
21078
21083
21084
21085
21086
21090
21091
21092
21094
21095
21097
21098
21099
21101
21102
21104
21107
21110
21113
21117
21118
21119
21122
21126
21131
21134
21135
21137
21140
21142
21143
21144
21145
21149
21152
21156
21158
21159
21163
21168
21172
21173
21174
21175
21176
21178
21180
21181
21184
21185
21187
21188
21189
21192
21194
21202
21203
21206
21208
21217
21219
21221
21225
21226
21227
21230
21235
21236
21237
21239
21242
21243
21246
21247
21248
21249
21251
21253
21255
21256
21257
21260
21261
21263
21266
21267
21268
21270
21271
21272
21273
21279
21280
21283
21285
21287
21289
21293
21295
21297
21300
21303
21306
21318
21320
21323
21324
21326
21331
21333
21334
21337
21341
21343
21345
21346
21352
21353
21354
21356
21361
21364
21365
21366
21369
21370
21380
21381
21390
21391
21393
21400
21402
21406
21411
21412
21413
21414
21416
21423
21426
21427
21429
21432
21435
21437
21442
21443
21444
21445
21446
21447
21448
21449
21452
21457
21459
21460
21465
21467
21470
21472
21474
21477
21479
21482
21483
21485
21486
21487
21488
21489
21491
21494
21496
21497
21498
21510
21511
21512
21521
21522
21525
21528
21529
21531
21532
21535
21536
21545
21546
21548
21552
21561
21564
21567
21568
21576
21577
21580
21581
21583
21585
21588
21591
21592
21595
21598
21599
21604
21605
21606
21608
21609
21610
21617
21621
21622
21624
21626
21627
21628
21629
21631
21636
21640
21641
21642
21643
21648
21649
21652
21657
21659
21660
21662
21664
21668
21671
21674
21675
21678
21679
21682
21683
21687
21688
21689
21691
21695
21696
21702
21705
21706
21708
21710
21712
21714
21717
21720
21722
21724
21725
21733
21734
21735
21737
21740
21742
21743
21744
21745
21746
21754
21758
21760
21761
21767
21769
21770
21771
21773
21774
21780
21781
21791
21792
21794
21797
21802
21804
21806
21807
21810
21811
21815
21820
21822
21824
21837
21843
21846
21851
21853
21854
21857
21859
21860
21862
21864
21866
21867
21869
21872
21873
21876
21881
21882
21884
21887
21888
21889
21890
21892
21893
21896
21899
21900
21902
21903
21906
21909
21914
21915
21916
21919
21920
21922
21927
21928
21931
21933
21937
21938
21939
21940
21942
21950
21951
21952
21955
21957
21958
21960
21961
21966
21967
21971
21973
21974
21979
21980
21981
21988
21990
21992
21995
21996
21999
22005
22006
22007
22008
22009
22010
22014
22016
22017
22019
22020
22024
22025
22032
22033
22034
22036
22042
22045
22047
22049
22050
22053
22056
22057
22059
22060
22061
22063
22066
22068
22069
22070
22071
22074
22076
22077
22081
22082
22084
22085
22087
22089
22091
22092
22095
22102
22103
22104
22105
22108
22109
22111
22112
22114
22116
22118
22124
22129
22130
22131
22133
22135
22136
22138
22139
22140
22141
22144
22146
22149
22150
22152
22154
22157
22159
22162
22163
22164
22165
22167
22168
22170
22173
22176
22177
22181
22182
22186
22193
22194
22197
22198
22201
22206
22208
22210
22211
22214
22217
22219
22222
22223
22225
22235
22237
22242
22243
22244
22245
22247
22249
22253
22254
22257
22258
22260
22265
22268
22270
22272
22273
22277
22282
22286
22292
22295
22300
22302
22303
22305
22307
22309
22312
22317
22319
22320
22324
22330
22331
22333
22345
22346
22348
22350
22351
22352
22356
22357
22358
22360
22362
22363
22364
22367
22369
22370
22371
22374
22375
22379
22381
22382
22384
22386
22391
22392
22396
22399
22407
22415
22416
22417
22419
22427
22430
22437
22439
22440
22444
22445
22447
22451
22452
22459
22460
22461
22463
22464
22466
22467
22472
22475
22478
22483
22484
22489
22491
22494
22498
22500
22501
22502
22506
22509
22511
22512
22516
22517
22519
22520
22521
22524
22527
22528
22533
22539
22540
22541
22544
22547
22548
22549
22553
22554
22558
22561
22562
22563
22565
22566
22568
22572
22574
22577
22578
22579
22580
22581
22582
22588
22591
22592
22594
22596
22597
22598
22599
22601
22602
22604
22606
22609
22610
22613
22615
22619
22620
22622
22627
22628
22629
22631
22634
22635
22638
22640
22642
22643
22646
22650
22654
22658
22660
22664
22665
22667
22670
22671
22673
22674
22675
22677
22678
22679
22683
22685
22692
22696
22697
22699
22700
22701
22705
22707
22711
22713
22716
22717
22723
22726
22728
22731
22735
22736
22737
22741
22742
22744
22746
22750
22752
22756
22758
22760
22761
22763
22767
22768
22770
22771
22772
22774
22775
22776
22780
22782
22784
22785
22788
22790
22792
22795
22796
22799
22801
22802
22804
22805
22810
22811
22818
22821
22824
22827
22831
22832
22834
22836
22837
22842
22845
22846
22847
22848
22854
22857
22859
22862
22865
22870
22873
22874
22875
22876
22878
22880
22885
22887
22890
22893
22894
22895
22896
22900
22902
22905
22906
22909
22912
22913
22918
22919
22925
22926
22928
22929
22931
22934
22935
22936
22938
22942
22943
22944
22946
22953
22955
22957
22962
22966
22968
22969
22970
22973
22974
22975
22976
22977
22979
22980
22986
22987
22988
22991
22993
22994
22995
22996
22997
22998
22999
23000
23003
23004
23005
23007
23017
23023
23026
23027
23029
23032
23035
23036
23037
23039
23043
23047
23055
23057
23059
23061
23063
23064
23066
23070
23072
23075
23079
23086
23088
23094
23095
23099
23101
23102
23106
23108
23110
23114
23123
23125
23130
23133
23135
23137
23138
23139
23144
23145
23147
23148
23149
23152
23154
23155
23156
23157
23167
23169
23171
23172
23173
23174
23175
23177
23178
23179
23181
23182
23183
23191
23192
23193
23195
23197
23199
23201
23204
23205
23209
23210
23215
23218
23220
23226
23227
23228
23236
23239
23243
23245
23246
23247
23248
23249
23250
23254
23259
23263
23264
23267
23268
23270
23271
23274
23277
23279
23287
23289
23291
23292
23293
23295
23297
23301
23302
23305
23306
23308
23309
23311
23312
23316
23317
23321
23327
23329
23330
23331
23333
23334
23335
23336
23337
23343
23347
23350
23353
23355
23356
23358
23361
23364
23368
23369
23370
23374
23375
23378
23379
23381
23383
23384
23386
23389
23391
23392
23398
23399
23400
23404
23407
23408
23409
23416
23417
23418
23420
23422
23427
23430
23432
23434
23435
23436
23437
23438
23440
23441
23442
23443
23445
23446
23450
23455
23456
23460
23465
23470
23471
23475
23485
23486
23487
23490
23491
23493
23494
23495
23496
23498
23502
23504
23507
23510
23512
23513
23514
23515
23516
23518
23519
23522
23524
23528
23535
23545
23546
23548
23549
23550
23553
23554
23557
23560
23561
23565
23567
23570
23571
23572
23573
23575
23578
23579
23584
23587
23589
23592
23594
23596
23598
23599
23600
23614
23615
23616
23617
23618
23621
23622
23625
23626
23628
23629
23638
23640
23641
23642
23645
23649
23650
23652
23655
23656
23657
23658
23661
23662
23664
23667
23668
23669
23670
23671
23672
23675
23676
23677
23681
23683
23687
23688
23689
23690
23692
23693
23696
23697
23700
23704
23708
23710
23714
23715
23717
23718
23721
23728
23732
23733
23734
23739
23743
23745
23747
23750
23753
23755
23757
23758
23759
23760
23763
23764
23769
23771
23773
23774
23775
23777
23778
23780
23782
23786
23792
23793
23797
23799
23801
23803
23805
23809
23810
23812
23814
23815
23816
23817
23819
23826
23828
23829
23831
23832
23834
23835
23837
23838
23840
23843
23844
23847
23848
23849
23850
23851
23852
23854
23857
23858
23861
23865
23866
23868
23869
23870
23874
23876
23877
23880
23881
23883
23887
23889
23891
23892
23893
23895
23900
23902
23903
23904
23905
23906
23907
23909
23912
23915
23916
23918
23922
23923
23924
23925
23926
23928
23929
23936
23937
23938
23939
23940
23941
23944
23946
23948
23951
23960
23961
23962
23964
23965
23966
23967
23969
23975
23976
23977
23978
23979
23988
23989
23990
23992
23997
24001
24004
24005
24009
24010
24012
24014
24016
24018
24019
24021
24022
24024
24029
24031
24033
24038
24039
24041
24042
24045
24046
24047
24048
24052
24058
24059
24062
24063
24064
24069
24078
24083
24085
24087
24088
24091
24092
24093
24095
24097
24098
24102
24105
24107
24111
24113
24114
24115
24120
24124
24127
24129
24131
24132
24133
24136
24138
24142
24143
24144
24146
24148
24150
24151
24153
24154
24157
24158
24159
24161
24163
24166
24167
24168
24169
24172
24173
24180
24181
24182
24183
24185
24189
24190
24192
24194
24195
24199
24203
24207
24208
24211
24212
24213
24215
24220
24221
24222
24223
24226
24231
24234
24236
24237
24238
24239
24241
24243
24246
24247
24248
24249
24252
24254
24258
24260
24264
24267
24268
24269
24270
24271
24272
24273
24274
24275
24277
24278
24282
24283
24285
24287
24288
24292
24294
24295
24298
24299
24300
24302
24303
24306
24307
24308
24309
24311
24314
24320
24324
24326
24333
24334
24336
24340
24344
24348
24349
24353
24359
24364
24365
24367
24370
24372
24374
24375
24376
24383
24384
24385
24388
24390
24393
24394
24400
24403
24404
24406
24407
24409
24414
24416
24417
24422
24424
24425
24427
24428
24430
24433
24434
24435
24439
24440
24444
24445
24447
24452
24453
24456
24458
24465
24469
24471
24472
24473
24478
24480
24482
24487
24488
24490
24496
24499
24500
24501
24502
24505
24507
24509
24510
24512
24513
24516
24517
24519
24521
24526
24529
24530
24532
24534
24539
24541
24542
24544
24545
24546
24550
24551
24554
24556
24558
24560
24563
24565
24566
24568
24572
24573
24579
24580
24584
24585
24586
24587
24590
24592
24594
24596
24598
24603
24605
24606
24607
24609
24612
24613
24615
24616
24617
24622
24623
24628
24631
24633
24634
24639
24640
24641
24645
24647
24649
24651
24653
24654
24655
24656
24660
24662
24663
24665
24666
24667
24668
24669
24671
24674
24675
24676
24679
24680
24684
24685
24688
24692
24694
24707
24708
24725
24726
24730
24731
24733
24734
24735
24740
24742
24744
24746
24747
24750
24751
24753
24754
24756
24763
24767
24768
24773
24776
24777
24779
24781
24784
24787
24788
24790
24792
24796
24799
24801
24804
24807
24810
24813
24814
24816
24819
24823
24826
24827
24832
24835
24836
24839
24841
24842
24844
24845
24846
24850
24854
24857
24858
24862
24864
24865
24867
24869
24871
24874
24877
24880
24881
24882
24883
24884
24885
24888
24889
24892
24896
24898
24899
24901
24903
24904
24910
24911
24912
24913
24915
24917
24918
24919
24923
24924
24930
24932
24933
24936
24937
24938
24940
24941
24947
24951
24953
24954
24955
24959
24960
24961
24966
24972
24979
24980
24984
24985
24986
24987
24989
24994
24996
25000
25001
25002
25006
25009
25010
25012
25013
25014
25016
25027
25028
25030
25032
25037
25042
25043
25045
25047
25048
25050
25051
25053
25058
25059
25063
25064
25067
25068
25073
25080
25081
25083
25085
25089
25090
25092
25096
25098
25101
25102
25104
25105
25106
25108
25111
25116
25119
25120
25122
25128
25130
25131
25132
25133
25135
25141
25143
25144
25145
25147
25149
25154
25156
25159
25161
25166
25168
25169
25176
25178
25180
25181
25182
25185
25188
25193
25195
25196
25198
25199
25201
25202
25206
25207
25209
25211
25213
25218
25221
25223
25228
25231
25235
25240
25241
25247
25250
25252
25257
25260
25264
25268
25270
25272
25273
25275
25276
25277
25281
25283
25285
25290
25294
25302
25303
25304
25306
25308
25310
25312
25313
25314
25317
25320
25327
25328
25329
25332
25333
25339
25340
25343
25345
25347
25350
25353
25356
25359
25364
25365
25367
25368
25371
25372
25374
25376
25378
25379
25381
25382
25386
25390
25391
25392
25393
25394
25395
25397
25399
25400
25408
25409
25410
25411
25412
25413
25415
25417
25419
25420
25421
25428
25432
25434
25442
25443
25451
25452
25454
25456
25458
25459
25461
25464
25465
25468
25469
25470
25477
25478
25480
25481
25482
25487
25489
25491
25492
25498
25499
25500
25508
25510
25513
25516
25517
25518
25524
25527
25528
25532
25534
25539
25541
25545
25548
25549
25551
25556
25557
25563
25564
25565
25566
25567
25572
25573
25575
25576
25580
25582
25583
25586
25587
25588
25591
25592
25593
25594
25603
25604
25606
25608
25613
25618
25622
25623
25625
25632
25633
25635
25639
25640
25643
25646
25647
25648
25653
25656
25658
25659
25662
25665
25672
25673
25674
25676
25681
25684
25685
25686
25689
25694
25695
25698
25699
25701
25703
25706
25710
25714
25716
25718
25719
25722
25723
25724
25726
25727
25731
25732
25734
25736
25737
25740
25741
25742
25745
25749
25753
25755
25759
25760
25761
25764
25767
25771
25774
25776
25779
25782
25784
25790
25792
25793
25801
25804
25806
25809
25810
25816
25818
25819
25821
25822
25824
25826
25827
25829
25831
25833
25836
25838
25839
25845
25846
25849
25853
25856
25862
25863
25865
25868
25872
25874
25876
25877
25878
25880
25881
25885
25886
25887
25888
25889
25890
25892
25893
25896
25897
25898
25904
25906
25907
25909
25912
25918
25920
25921
25922
25927
25928
25931
25932
25934
25936
25937
25942
25945
25946
25949
25950
25953
25954
25955
25956
25958
25960
25968
25970
25972
25975
25983
25986
25992
25993
25997
26004
26005
26012
26013
26014
26015
26016
26018
26023
26026
26027
26029
26031
26032
26034
26036
26039
26042
26045
26046
26049
26053
26055
26061
26062
26063
26065
26066
26067
26070
26071
26072
26074
26075
26078
26084
26086
26092
26095
26096
26097
26102
26105
26107
26109
26110
26111
26112
26119
26120
26122
26124
26125
26127
26129
26133
26134
26135
26136
26137
26145
26147
26149
26150
26153
26155
26156
26157
26162
26163
26164
26168
26169
26174
26179
26180
26183
26184
26187
26192
26195
26199
26202
26203
26205
26207
26209
26213
26214
26218
26219
26220
26222
26223
26225
26227
26229
26231
26234
26238
26242
26243
26244
26245
26246
26247
26249
26250
26252
26256
26257
26258
26260
26261
26264
26265
26266
26269
26270
26271
26280
26283
26287
26288
26291
26292
26295
26297
26298
26300
26303
26304
26305
26308
26309
26310
26315
26316
26321
26324
26329
26334
26335
26336
26337
26339
26342
26343
26344
26345
26348
26351
26352
26354
26355
26360
26361
26365
26366
26367
26374
26375
26381
26384
26385
26386
26392
26393
26394
26395
26398
26400
26404
26406
26410
26414
26415
26416
26422
26423
26425
26430
26431
26433
26435
26437
26438
26439
26441
26443
26448
26452
26453
26456
26457
26459
26465
26467
26475
26476
26478
26479
26481
26483
26485
26489
26491
26494
26499
26500
26503
26504
26513
26517
26518
26519
26520
26522
26523
26525
26529
26537
26542
26548
26550
26551
26557
26558
26563
26564
26566
26567
26570
26571
26573
26576
26579
26582
26585
26588
26592
26593
26596
26597
26599
26600
26601
26602
26609
26611
26612
26613
26618
26619
26624
26626
26627
26629
26634
26635
26636
26637
26639
26641
26644
26647
26648
26650
26652
26659
26661
26663
26664
26668
26671
26672
26673
26674
26675
26676
26678
26681
26683
26684
26685
26687
26690
26693
26695
26697
26699
26700
26701
26702
26703
26705
26706
26707
26715
26720
26722
26723
26725
26727
26729
26730
26731
26734
26736
26742
26743
26747
26751
26753
26756
26762
26772
26773
26775
26777
26780
26784
26786
26787
26789
26790
26794
26796
26800
26801
26802
26804
26806
26811
26812
26813
26816
26821
26822
26824
26826
26828
26831
26833
26835
26836
26837
26838
26841
26845
26846
26848
26851
26854
26857
26862
26868
26872
26876
26880
26882
26884
26885
26886
26887
26889
26892
26893
26895
26897
26899
26900
26902
26903
26904
26906
26915
26918
26921
26922
26925
26926
26931
26932
26934
26935
26937
26938
26939
26942
26943
26946
26948
26949
26951
26952
26955
26957
26960
26962
26968
26972
26974
26975
26976
26978
26979
26980
26983
26986
26987
26991
26995
26998
27001
27010
27015
27019
27022
27023
27024
27025
27030
27032
27033
27035
27036
27037
27038
27045
27047
27049
27050
27052
27054
27055
27058
27061
27062
27064
27065
27066
27071
27078
27079
27080
27082
27084
27086
27090
27092
27094
27097
27098
27099
27106
27109
27114
27119
27121
27123
27124
27126
27127
27131
27132
27138
27139
27145
27146
27150
27151
27152
27156
27158
27160
27161
27163
27164
27166
27167
27169
27176
27177
27179
27183
27184
27186
27187
27193
27198
27201
27203
27206
27207
27208
27212
27215
27218
27219
27223
27229
27231
27232
27240
27242
27244
27245
27246
27247
27249
27250
27254
27256
27261
27263
27265
27266
27267
27270
27272
27275
27279
27280
27281
27282
27289
27290
27293
27299
27301
27302
27303
27304
27306
27307
27309
27310
27313
27314
27317
27319
27323
27325
27327
27331
27332
27333
27334
27337
27341
27345
27347
27351
27352
27353
27355
27357
27358
27360
27362
27363
27365
27366
27367
27368
27369
27377
27380
27381
27382
27384
27389
27391
27393
27397
27399
27403
27404
27405
27406
27409
27411
27413
27418
27419
27420
27421
27422
27423
27425
27431
27436
27438
27439
27440
27448
27449
27450
27451
27458
27462
27470
27474
27478
27486
27487
27488
27490
27491
27494
27497
27498
27499
27506
27507
27508
27509
27510
27514
27517
27519
27520
27524
27525
27529
27531
27537
27539
27540
27541
27544
27545
27550
27552
27553
27555
27556
27560
27562
27564
27566
27567
27569
27572
27577
27580
27584
27587
27588
27592
27593
27595
27598
27599
27600
27604
27606
27607
27608
27612
27613
27614
27615
27616
27618
27619
27622
27623
27627
27630
27632
27633
27634
27635
27638
27640
27642
27644
27645
27647
27649
27650
27654
27656
27663
27665
27667
27668
27673
27677
27678
27681
27682
27685
27686
27692
27697
27700
27705
27707
27710
27719
27723
27724
27726
27734
27736
27737
27741
27742
27743
27744
27747
27748
27750
27753
27759
27760
27761
27762
27763
27764
27765
27767
27768
27770
27775
27776
27777
27778
27780
27781
27782
27786
27789
27790
27793
27794
27796
27799
27800
27802
27804
27807
27808
27813
27814
27816
27817
27818
27822
27824
27825
27827
27828
27830
27835
27836
27840
27842
27844
27846
27852
27853
27854
27855
27857
27859
27861
27862
27864
27870
27875
27876
27877
27878
27879
27881
27882
27884
27885
27886
27890
27891
27895
27897
27898
27899
27900
27906
27907
27908
27912
27913
27914
27915
27916
27917
27919
27922
27925
27927
27929
27936
27940
27941
27945
27946
27950
27955
27957
27958
27961
27962
27967
27969
27977
27978
27980
27983
27985
27986
27993
27996
27997
27998
27999
28003
28004
28005
28006
28008
28010
28011
28015
28018
28019
28020
28023
28028
28031
28032
28034
28035
28041
28043
28047
28048
28049
28050
28053
28055
28056
28059
28064
28067
28069
28071
28072
28074
28078
28080
28082
28084
28085
28086
28091
28092
28095
28100
28102
28107
28108
28113
28115
28117
28118
28119
28122
28124
28127
28129
28130
28132
28135
28136
28138
28139
28140
28143
28144
28145
28147
28149
28150
28151
28152
28153
28154
28156
28160
28161
28162
28168
28169
28170
28177
28178
28179
28180
28181
28182
28189
28190
28191
28193
28194
28195
28200
28201
28202
28205
28210
28215
28219
28220
28222
28224
28226
28233
28235
28236
28238
28239
28240
28242
28246
28248
28249
28251
28254
28255
28256
28260
28261
28262
28264
28268
28270
28271
28273
28275
28278
28279
28280
28282
28284
28285
28287
28288
28289
28295
28296
28301
28302
28303
28304
28305
28306
28310
28312
28314
28316
28317
28319
28320
28324
28328
28329
28330
28332
28333
28338
28342
28343
28352
28353
28357
28361
28362
28363
28365
28366
28368
28369
28370
28374
28379
28380
28382
28383
28384
28386
28389
28390
28391
28392
28393
28394
28395
28396
28397
28401
28402
28413
28414
28418
28419
28424
28425
28426
28427
28431
28434
28437
28438
28441
28444
28445
28447
28450
28453
28455
28456
28460
28462
28466
28470
28471
28474
28475
28478
28482
28485
28487
28488
28489
28490
28492
28495
28496
28497
28504
28506
28508
28509
28510
28511
28514
28523
28525
28529
28530
28531
28532
28533
28535
28538
28540
28542
28543
28544
28550
28552
28555
28556
28566
28568
28569
28571
28574
28576
28577
28584
28587
28588
28594
28596
28597
28602
28605
28606
28607
28610
28611
28613
28615
28617
28618
28619
28621
28623
28624
28625
28626
28629
28630
28631
28633
28634
28636
28638
28648
28652
28653
28655
28656
28659
28662
28663
28665
28669
28671
28673
28676
28678
28682
28683
28685
28686
28687
28693
28696
28698
28699
28702
28703
28705
28706
28708
28713
28717
28718
28719
28720
28721
28722
28723
28724
28725
28726
28727
28728
28734
28737
28743
28745
28747
28748
28749
28750
28756
28757
28759
28762
28766
28767
28769
28773
28774
28776
28777
28780
28782
28783
28784
28786
28788
28792
28793
28794
28795
28796
28798
28802
28813
28816
28821
28822
28824
28825
28828
28829
28832
28833
28834
28835
28837
28843
28844
28845
28849
28851
28853
28855
28856
28857
28859
28860
28861
28863
28864
28867
28870
28874
28875
28876
28877
28879
28881
28882
28889
28890
28892
28893
28896
28899
28900
28901
28902
28903
28904
28905
28907
28909
28911
28913
28916
28917
28918
28926
28930
28935
28938
28942
28943
28944
28945
28947
28949
28951
28952
28953
28958
28960
28961
28963
28965
28966
28970
28971
28973
28977
28978
28979
28983
28992
28993
28994
28995
28997
29000
29002
29003
29005
29011
29012
29014
29017
29018
29019
29020
29022
29029
29033
29034
29038
29039
29041
29042
29044
29045
29046
29047
29050
29051
29052
29053
29057
29058
29060
29061
29063
29065
29067
29068
29070
29071
29075
29077
29080
29083
29085
29087
29093
29094
29095
29098
29099
29100
29105
29106
29108
29109
29110
29111
29119
29125
29126
29129
29133
29135
29136
29137
29138
29143
29146
29149
29151
29152
29157
29161
29171
29173
29174
29175
29176
29181
29182
29183
29185
29187
29190
29191
29193
29197
29199
29200
29201
29202
29205
29206
29207
29208
29209
29211
29213
29214
29217
29220
29224
29225
29227
29228
29230
29234
29239
29240
29243
29245
29246
29250
29255
29259
29260
29262
29263
29266
29268
29270
29272
29274
29275
29278
29280
29282
29286
29287
29288
29290
29291
29292
29293
29295
29298
29301
29302
29306
29314
29315
29317
29319
29320
29326
29330
29333
29337
29341
29343
29345
29346
29348
29350
29351
29352
29354
29355
29356
29357
29364
29366
29369
29372
29374
29375
29377
29378
29379
29381
29382
29384
29385
29386
29387
29388
29389
29392
29394
29395
29398
29405
29407
29408
29410
29411
29412
29415
29416
29419
29421
29422
29423
29424
29425
29426
29427
29428
29429
29430
29433
29436
29437
29439
29443
29444
29446
29449
29456
29457
29458
29465
29468
29470
29471
29472
29474
29478
29482
29485
29488
29490
29491
29492
29494
29495
29497
29499
29501
29503
29505
29507
29509
29513
29515
29517
29518
29520
29522
29525
29527
29530
29531
29533
29535
29537
29539
29540
29541
29542
29543
29549
29550
29551
29552
29553
29554
29558
29562
29565
29567
29568
29569
29574
29575
29578
29580
29581
29583
29587
29588
29590
29595
29598
29600
29601
29603
29612
29615
29618
29620
29623
29626
29629
29631
29632
29635
29640
29646
29649
29651
29656
29657
29665
29668
29669
29672
29676
29677
29679
29680
29682
29683
29684
29685
29686
29687
29691
29693
29694
29696
29697
29699
29701
29702
29703
29706
29707
29708
29709
29714
29715
29716
29717
29719
29722
29723
29725
29728
29730
29731
29733
29736
29739
29741
29742
29744
29745
29746
29749
29751
29752
29755
29756
29757
29759
29764
29770
29771
29772
29774
29778
29783
29788
29791
29792
29794
29796
29798
29799
29801
29803
29805
29808
29810
29811
29813
29821
29822
29823
29826
29828
29831
29832
29835
29836
29838
29839
29842
29843
29845
29849
29852
29856
29858
29860
29861
29863
29864
29867
29870
29872
29873
29874
29875
29876
29877
29878
29879
29881
29891
29893
29900
29902
29903
29908
29910
29911
29913
29914
29915
29916
29917
29920
29921
29924
29927
29930
29941
29942
29949
29950
29953
29955
29956
29957
29962
29963
29964
29969
29971
29974
29977
29978
29980
29983
29984
29985
29987
29989
29990
29991
29995
29999
30004
30005
30007
30010
30017
30018
30020
30021
30024
30026
30030
30034
30035
30037
30039
30041
30042
30047
30049
30050
30051
30052
30053
30054
30055
30056
30057
30058
30059
30060
30061
30063
30065
30067
30072
30073
30075
30078
30081
30083
30084
30085
30086
30087
30090
30094
30095
30099
30102
30103
30104
30108
30111
30112
30118
30120
30125
30126
30129
30135
30136
30139
30141
30142
30143
30144
30146
30147
30150
30152
30153
30154
30155
30157
30158
30159
30160
30169
30170
30173
30175
30176
30177
30178
30179
30186
30188
30192
30194
30200
30205
30208
30209
30210
30216
30218
30219
30220
30221
30224
30225
30226
30228
30233
30236
30238
30243
30245
30246
30251
30257
30258
30262
30265
30269
30273
30274
30277
30278
30280
30290
30291
30294
30297
30298
30300
30303
30304
30306
30309
30310
30311
30314
30315
30318
30319
30320
30322
30325
30328
30334
30335
30338
30339
30341
30342
30343
30347
30353
30355
30359
30362
30365
30366
30368
30369
30370
30374
30376
30377
30378
30379
30381
30382
30383
30385
30386
30387
30390
30391
30392
30394
30395
30408
30410
30411
30412
30414
30415
30417
30418
30419
30421
30424
30425
30429
30430
30431
30432
30437
30438
30440
30441
30442
30443
30445
30446
30448
30452
30455
30457
30460
30461
30467
30468
30471
30472
30474
30477
30478
30480
30484
30490
30493
30500
30505
30507
30510
30513
30516
30519
30521
30523
30524
30525
30526
30528
30530
30533
30534
30536
30539
30540
30546
30549
30550
30553
30555
30558
30565
30566
30568
30572
30573
30576
30577
30579
30580
30582
30583
30584
30585
30593
30600
30602
30603
30605
30606
30609
30610
30611
30612
30613
30616
30617
30621
30622
30624
30625
30626
30628
30631
30632
30634
30635
30637
30643
30649
30650
30651
30652
30654
30658
30661
30662
30663
30664
30665
30669
30671
30672
30673
30678
30680
30681
30682
30686
30689
30693
30695
30698
30699
30702
30703
30705
30708
30709
30710
30712
30717
30718
30719
30722
30725
30726
30730
30736
30738
30739
30745
30746
30747
30751
30752
30755
30757
30759
30760
30762
30764
30768
30769
30770
30771
30773
30775
30778
30782
30784
30790
30792
30798
30799
30802
30804
30805
30808
30809
30810
30812
30815
30816
30818
30820
30821
30832
30834
30841
30845
30846
30849
30850
30854
30857
30860
30861
30865
30874
30876
30879
30880
30881
30885
30887
30890
30892
30898
30899
30900
30907
30913
30914
30915
30916
30917
30920
30921
30928
30930
30932
30933
30934
30935
30936
30939
30940
30942
30944
30946
30947
30950
30951
30952
30956
30959
30960
30961
30962
30963
30964
30966
30969
30970
30973
30975
30977
30980
30983
30989
30990
30991
30993
30994
30996
30998
31001
31002
31004
31005
31011
31012
31016
31019
31020
31024
31026
31027
31030
31031
31034
31035
31041
31042
31048
31051
31053
31058
31059
31060
31062
31065
31066
31070
31072
31073
31074
31075
31076
31077
31078
31080
31084
31085
31087
31088
31093
31100
31102
31103
31104
31105
31108
31110
31114
31115
31116
31119
31120
31121
31124
31126
31128
31134
31135
31139
31140
31141
31142
31149
31151
31152
31153
31154
31157
31158
31159
31160
31162
31163
31168
31170
31171
31178
31180
31182
31186
31188
31189
31190
31191
31195
31201
31203
31204
31206
31207
31208
31210
31211
31214
31216
31219
31221
31223
31224
31225
31228
31229
31233
31234
31237
31238
31240
31241
31250
31252
31253
31255
31258
31259
31261
31267
31280
31282
31283
31284
31287
31288
31290
31294
31295
31300
31301
31302
31303
31305
31306
31307
31308
31312
31315
31316
31317
31318
31322
31324
31325
31326
31327
31328
31329
31330
31333
31335
31336
31337
31338
31340
31341
31342
31350
31354
31357
31361
31362
31365
31366
31367
31370
31373
31374
31376
31379
31381
31388
31389
31396
31397
31399
31401
31403
31407
31408
31409
31410
31413
31414
31415
31417
31420
31422
31429
31430
31433
31434
31435
31436
31442
31446
31448
31449
31452
31453
31455
31457
31459
31461
31462
31464
31466
31467
31468
31469
31471
31473
31475
31476
31477
31478
31479
31481
31485
31486
31487
31489
31490
31492
31496
31500
31502
31504
31505
31506
31510
31512
31513
31515
31516
31522
31526
31528
31531
31537
31542
31543
31544
31545
31546
31547
31549
31550
31551
31559
31560
31562
31568
31570
31571
31572
31574
31577
31578
31579
31580
31582
31585
31586
31587
31590
31596
31601
31602
31604
31608
31609
31611
31613
31614
31615
31616
31618
31623
31630
31631
31632
31633
31634
31635
31637
31639
31640
31641
31643
31644
31648
31651
31652
31654
31657
31659
31660
31662
31664
31665
31668
31669
31671
31673
31674
31676
31678
31680
31681
31685
31687
31689
31691
31692
31696
31697
31700
31701
31705
31706
31707
31710
31712
31716
31717
31718
31721
31724
31725
31730
31732
31733
31734
31738
31739
31742
31743
31746
31747
31748
31749
31752
31754
31755
31758
31760
31761
31762
31763
31766
31773
31775
31776
31777
31779
31780
31781
31782
31784
31789
31791
31792
31793
31794
31798
31799
31800
31804
31807
31810
31815
31816
31818
31819
31821
31827
31828
31830
31831
31834
31838
31839
31840
31844
31845
31846
31850
31852
31858
31860
31865
31868
31873
31876
31877
31879
31880
31881
31882
31887
31890
31892
31896
31897
31898
31899
31900
31903
31904
31912
31913
31914
31917
31920
31921
31922
31924
31932
31933
31934
31935
31937
31939
31940
31942
31943
31944
31947
31948
31953
31954
31958
31959
31963
31971
31974
31975
31978
31982
31984
31987
31988
31990
31991
31992
31993
31996
31999
32001
32006
32007
32009
32010
32011
32013
32016
32019
32021
32023
32026
32030
32031
32032
32033
32034
32035
32036
32037
32043
32046
32047
32048
32050
32051
32052
32058
32059
32062
32063
32064
32067
32069
32071
32072
32074
32077
32078
32083
32084
32086
32091
32093
32098
32102
32104
32106
32107
32108
32109
32112
32114
32117
32118
32121
32123
32125
32130
32131
32133
32135
32138
32139
32140
32141
32142
32147
32149
32155
32159
32160
32163
32164
32177
32179
32180
32181
32185
32189
32190
32191
32194
32200
32201
32203
32205
32209
32211
32212
32217
32219
32221
32223
32226
32227
32228
32229
32230
32236
32241
32244
32245
32248
32251
32252
32253
32256
32267
32282
32283
32287
32288
32289
32290
32292
32296
32299
32301
32308
32309
32311
32313
32314
32315
32316
32317
32321
32323
32324
32326
32329
32331
32332
32334
32335
32341
32342
32346
32348
32349
32351
32354
32364
32366
32371
32373
32374
32376
32377
32378
32382
32384
32386
32387
32391
32393
32398
32399
32400
32406
32409
32410
32411
32412
32414
32416
32417
32421
32423
32424
32426
32427
32428
32430
32431
32433
32434
32436
32440
32442
32444
32447
32448
32450
32452
32453
32454
32456
32458
32468
32472
32474
32479
32481
32482
32487
32490
32492
32495
32499
32500
32503
32505
32508
32509
32510
32511
32514
32516
32517
32518
32521
32523
32526
32536
32540
32541
32549
32552
32553
32554
32559
32564
32565
32567
32572
32574
32575
32579
32581
32585
32586
32588
32589
32590
32592
32595
32598
32600
32601
32603
32604
32612
32613
32614
32615
32624
32626
32627
32629
32630
32634
32638
32640
32643
32646
32648
32653
32656
32659
32661
32665
32666
32667
32668
32669
32671
32674
32676
32677
32686
32687
32690
32695
32697
32698
32699
32701
32704
32708
32709
32711
32712
32716
32718
32719
32720
32721
32724
32725
32727
32728
32733
32738
32742
32743
32747
32749
32751
32753
32754
32755
32762
32764
32767
69
128
1
257
131
387
388
265
394
139
12
13
142
398
144
147
403
20
152
280
283
29
157
158
161
292
293
421
166
171
173
429
302
175
50
442
59
318
448
193
197
72
200
328
456
204
334
465
338
339
212
469
348
478
224
225
356
229
359
360
365
238
239
114
374
121
251
252
380
383
