8009
16386
16387
32772
16392
32777
11
16395
19
32787
20
16405
22
32791
24
25
16409
32794
32795
32796
30
16418
38
39
16423
41
32809
43
32811
49
16433
16434
16435
16437
16439
16440
32826
60
62
16447
32831
16453
16454
71
72
16456
32845
32846
32850
83
32852
89
90
16476
16477
16478
32862
16479
96
32867
16485
101
32869
16487
16493
16494
16495
32880
112
114
32883
16502
119
16503
16506
127
32895
32900
32901
16518
135
16522
32908
16524
16528
145
32913
146
32914
147
16531
16533
16534
151
32919
152
16538
32923
164
16548
32933
16549
169
170
32938
172
32940
173
175
32943
176
179
181
184
16568
187
32955
16572
32963
16579
16582
198
199
200
201
16585
16586
32971
32972
205
207
210
32981
214
32984
16603
32988
221
32989
32992
225
226
32998
33001
16621
33005
238
247
33018
16636
16637
254
33022
16638
255
33023
16640
16643
33027
33029
261
16647
266
33035
16652
33036
270
33038
33039
16656
33041
16658
33042
16660
16661
278
33046
281
282
33052
285
16672
16676
293
294
16678
33064
16680
297
16681
33065
298
300
16684
301
33070
33071
33072
33073
306
16690
33078
312
317
16703
16706
322
33090
324
16710
33094
327
33095
329
33098
16715
16717
16720
16721
33110
33111
33113
33114
33116
350
358
33126
360
16747
16748
33132
33137
370
371
16757
33148
384
33155
391
16775
393
396
33166
403
16788
16789
33173
412
16797
414
33184
417
16802
422
423
426
427
33198
430
431
33201
436
33204
16826
445
447
16831
33218
452
454
457
33226
33227
16844
461
16845
462
16848
465
466
33235
16854
16857
33241
33242
475
33244
33247
480
33248
482
33252
16870
16871
16879
500
33268
501
33272
33279
16896
514
16899
16900
16901
517
518
33286
16903
33291
33293
33294
33295
528
16916
33300
541
33309
16929
546
33315
33317
550
33318
33319
16937
16939
33323
33324
556
16941
558
33326
560
563
565
16950
568
33337
16958
577
16961
33347
16965
582
583
584
16969
33353
33355
16973
16974
592
33360
33361
33365
599
601
16985
602
16986
33375
609
33377
33379
17000
620
622
33390
627
629
630
634
635
17019
33403
33404
17023
641
33411
644
17028
33415
17031
648
17033
652
17036
33420
17037
17039
33423
33424
33425
17043
17045
17049
666
33436
669
33438
33439
33441
675
17059
677
17061
17062
33446
17063
682
33451
17069
689
692
17078
33463
33465
17081
698
33466
699
703
17087
17088
705
17089
708
33476
33477
710
33481
17097
17099
33487
720
17107
33495
33497
729
732
733
734
33502
735
736
737
740
744
17134
33518
17138
755
17142
33526
760
17146
17147
33532
17154
17155
772
775
17159
17162
33546
779
33550
17167
17168
17169
17173
33563
33565
33567
17186
33571
814
817
818
33588
17205
33590
823
17208
825
33598
831
833
33607
33613
17231
850
33622
855
33623
17243
17244
33628
861
33629
17247
33633
33635
868
17252
869
17254
17255
17258
876
878
33646
17263
880
882
33651
885
33658
17275
33659
33660
17277
33661
33663
896
898
900
33670
902
17286
904
33673
911
913
17297
917
919
17305
17314
934
17322
17323
17326
943
33713
948
17333
953
17338
17339
33723
33726
17344
963
33738
17358
33742
976
17360
33745
977
17361
17363
979
981
982
17368
985
17370
17372
989
17374
992
17377
33761
994
996
33764
17381
33768
1002
17389
17391
1007
17392
1011
17395
1012
17397
1015
17399
17401
17402
1020
1023
17409
1028
1030
33799
1032
1034
17419
1038
17422
33811
33813
17432
1049
33821
17438
33823
1057
17441
17442
17445
33831
1064
17449
17450
17453
33839
33845
1079
1082
17466
1083
17468
1085
17469
33853
1088
17472
33858
1091
33859
17478
1095
1103
33872
17489
1110
33879
1114
1116
33885
1123
17507
1124
33892
17508
17512
1130
33903
1139
33913
1145
17530
17533
17534
33919
1154
1155
17547
33932
1166
1169
33939
33941
1176
33947
17564
1182
17567
33951
1190
1191
33962
33967
17586
33970
1203
1209
17597
33982
1215
1225
1227
17611
33996
1229
33998
17614
17616
1233
34003
17620
1239
34007
1240
17626
1243
34012
17632
1252
1253
17640
1259
34027
17646
1267
17651
34036
17654
34044
34045
1278
34050
1288
17674
17680
17683
17686
17690
34074
34075
1310
34078
1311
34084
34086
34089
17707
34092
1326
17710
17711
17714
34099
17718
34102
1338
17722
17723
34109
1342
17726
1343
17727
17731
1350
34118
34119
17736
17742
34127
34128
17746
17747
34133
17750
1368
1374
17758
1376
34144
1379
1381
34150
1383
17767
34152
34153
17771
34155
17774
1391
34161
1396
17783
34169
1402
17789
17790
1408
17795
1412
17799
34183
1416
17800
17801
34189
1421
17809
34193
1439
34208
17825
17826
34211
34216
34217
1453
17840
1459
17843
17846
17847
1463
17848
34234
17851
17852
1469
17854
1474
1478
17863
1479
34248
1481
1483
34253
17877
17878
17882
34267
1503
17887
17891
1508
34277
17896
1515
1516
17900
1520
34289
17906
1523
17907
34292
1527
34295
34297
1534
34304
34306
17926
34312
1545
17929
34315
1552
17939
34326
1562
1564
1572
34342
1575
17961
34346
17966
17967
17968
34357
1590
1591
34361
17978
34368
17986
34373
1606
17991
1607
1610
34378
17995
1612
1614
34383
1617
34388
18005
1622
18006
18007
18011
34395
1628
18012
34396
34400
18016
34401
34402
18022
18023
34408
34410
34412
18029
18032
34416
18033
18036
34420
34422
34423
34424
1657
18042
34427
1660
1662
1663
18050
34435
34436
18053
1670
18055
34440
1674
1679
1680
18064
34448
1681
18066
1686
18072
1691
34459
34462
34465
18082
34468
18086
34471
34473
18091
34475
1710
1712
18096
1715
18100
34484
34486
1719
34489
1724
1727
34495
1730
18117
34501
1734
1737
18121
18123
18125
34511
1745
18130
18131
34515
34516
18135
34520
1754
18138
18140
1758
34528
1765
34533
18150
18151
1769
18153
34540
1775
1776
1780
1787
1788
34556
34557
34559
18177
18181
1799
18183
1801
18185
34569
18188
34573
34576
1810
1812
34580
1816
18202
1820
18205
18207
1828
1829
18213
18214
1832
34600
1833
18219
18220
18221
18223
18224
1840
34608
1842
34611
18230
1849
1851
1855
1856
1859
1863
34634
18252
34637
34641
18258
18260
18261
1880
34649
18267
34652
18268
1885
1886
34654
18271
18273
34657
18277
18278
34663
1896
1899
18286
34673
18290
34678
18296
1919
18303
18306
34690
34692
34693
1931
18317
34701
1934
18320
1939
1941
18328
1945
18330
1950
34718
34721
18338
34722
34726
18346
34732
18352
1969
1972
18357
18359
18360
1978
18362
1979
34747
18364
1983
1985
18369
18371
1993
1994
18378
18379
34763
1996
18380
34766
18384
2002
18389
34773
34775
34776
2013
18401
2019
18406
34790
2027
34796
2031
34807
2040
2041
34809
2042
18426
2043
2044
2049
2051
34820
34821
2056
2057
34825
34827
2064
18448
2066
34835
2068
18452
2069
18455
34840
34841
34842
2077
18461
2078
34846
34848
18464
2083
2085
18471
18473
2091
34859
18476
2093
34861
2094
2095
18479
34863
18481
34865
2098
34867
34868
34872
2105
34873
34875
2109
34877
2110
34881
34883
18500
34886
18503
2120
18504
18507
34892
2126
18514
34902
18522
34909
18526
2143
2144
18529
2147
34915
2150
18537
2157
18541
18542
18544
2161
18547
2163
2166
34935
2169
2170
18554
2172
34941
2175
34948
34950
2183
18569
2189
34957
18575
2194
18580
2197
2198
2199
18585
2203
18587
34973
18593
34978
34979
18602
18603
34987
2220
18605
18609
34994
18614
18616
35000
2233
35001
2235
18620
18621
35009
2242
18626
35011
18628
18629
2248
35020
2255
18640
2259
35031
2265
2268
18653
2271
18655
2273
18661
35045
35049
18667
18669
18670
18672
2290
2292
18679
2296
18680
18683
18686
18688
2305
35075
2308
2312
18697
35084
18701
35087
18709
35095
18712
2330
35099
2334
35103
35109
2342
18729
2346
18730
18732
35116
2350
18736
2353
18739
18745
2362
18749
18751
2369
35140
2378
18762
18763
18764
18765
2382
35151
35155
2389
35158
18775
2392
18777
18778
18779
18780
18784
2402
2403
35175
2408
18793
18794
2412
2415
18802
35190
18814
2435
35204
18822
35207
35209
18825
2442
2443
18827
18829
2447
2449
18835
35220
2456
35228
2463
18847
35231
35233
2465
2466
18851
2469
35237
18855
35241
2475
2476
35244
35249
18865
35250
2487
35257
35265
18882
18883
2499
2502
18887
18888
35273
18889
18890
35275
18892
35276
18894
35278
2511
2512
2513
2519
35288
2521
18910
18916
35301
18918
2535
35305
35306
35307
2540
2544
35312
18932
2553
18937
2557
2558
35327
2561
2564
35332
18948
2567
35335
18954
35338
2576
35349
18965
2584
2587
18971
2594
35362
35364
35366
2600
2604
18988
2607
2609
18993
35381
2617
19001
2618
19003
35392
2629
19013
2631
19016
2635
19019
2637
19022
19023
19026
35412
2645
2649
2651
35420
19042
2660
35429
2663
35433
19051
19054
2671
19055
35439
35444
2677
2678
2680
2686
35454
19079
35468
19084
2703
19087
35471
19088
2706
19091
2708
35477
35478
2711
2715
19102
35487
35488
2723
19107
35493
19110
2727
19111
19112
35498
2733
19121
2740
2742
2743
19127
2746
35515
2750
19134
2751
35521
2757
35525
2758
35526
35532
35533
35537
2772
19156
19159
35545
2780
2783
35552
19170
2787
35557
2791
35562
2797
2802
35572
2804
19188
35574
2806
2807
19194
19196
2814
19199
35583
2817
2821
35589
2822
35590
19208
19209
2826
2828
19214
2831
2835
2836
19224
35611
19230
2850
35619
2852
35620
2855
2857
35625
2862
19246
2863
2864
35634
19253
19254
2872
2874
19260
35644
35645
35647
2880
19265
35651
35652
2887
2890
35658
2891
35662
2895
19279
2896
35667
2900
35671
2904
19289
2906
19293
35678
2911
35679
19298
35684
2919
19305
19306
35692
35696
2930
35700
2933
35702
2938
35706
35708
2942
35710
35711
19327
19328
2945
35713
2951
2953
35721
2954
19339
35723
2956
2957
35726
19342
19344
2964
2966
35736
2969
35742
19363
35749
19366
2983
19368
19369
35759
2992
19376
2997
35766
19382
19385
35769
35771
19391
3008
19392
35776
35780
35782
19401
3018
19402
3019
19403
19406
19407
35796
19413
3030
35800
3034
19420
19424
3040
35810
19428
3045
19429
35814
19432
3048
35818
19440
19443
3061
19448
3065
19449
19450
3067
35839
35840
3076
3080
19464
3081
35849
35853
35854
35857
3089
19474
3094
3097
35865
3098
35869
35873
35874
3107
3109
19493
3119
3120
3123
3127
3129
19513
19514
35898
35899
19516
35901
19519
35906
3140
19525
35911
35912
3148
19534
3152
35920
35922
19540
35926
19543
3161
35930
3163
35933
3170
3172
19556
19558
19559
35943
3176
35944
3179
3180
3182
35954
19572
35956
3189
3193
35964
3198
35967
35968
19585
19587
35972
3209
19593
19595
3212
35980
3213
19598
35983
19600
3216
19603
19604
3221
35992
3228
35996
35997
3236
36007
19625
36011
36012
19633
36017
36019
3252
36020
19638
36027
19650
36035
3272
19656
19658
36043
3275
3277
36045
19662
19664
36050
19667
36051
3287
36056
19673
36057
36059
36069
19686
19691
19696
36081
19699
36083
3316
36084
36087
19705
3322
19709
3325
19712
3329
3330
36099
36103
19722
36107
3340
36111
19728
3345
19731
3350
3351
36119
19736
19737
3359
19746
19751
36138
19755
36140
3373
19760
36145
36146
3379
3381
36150
19768
19769
3387
3388
19776
3394
36162
36163
36164
3400
19787
3404
36173
3407
19791
3408
36178
3413
3419
19804
19807
19808
36194
36197
36199
19815
3432
3434
36202
3437
19822
3439
19824
19826
36210
19832
3451
19838
19840
3464
3466
36236
19853
36240
36242
3475
19862
3478
3480
36248
19864
36251
19869
3486
19870
36255
19877
36263
3496
19881
3500
19888
36272
19889
19890
19895
3513
36281
3515
19899
3516
19900
19903
3523
3525
3526
36294
3528
36299
3532
19917
36301
3535
36303
19920
19923
19924
19930
3549
3550
36319
3552
36321
3553
3556
19941
3557
19943
3561
19946
3563
19947
36331
3566
36335
36336
19955
3572
19957
3574
19958
19959
3579
36347
3581
19965
3582
36351
36352
19969
19970
36358
36363
19981
19983
36369
3602
19986
36377
3610
3612
19997
36381
19998
3616
3619
36387
3620
36392
3629
36399
20019
3637
20022
36408
36409
36410
3644
36412
20029
20034
3658
20044
36430
20047
36433
3666
3673
3675
20059
20061
36446
3679
20063
36447
20064
3686
20073
3693
20079
3699
3701
3702
20086
20087
36473
20089
3706
36479
20097
3715
36486
3719
20103
36491
20111
3728
20113
20121
3739
20124
3742
20127
20130
36514
3754
36523
20148
36532
36536
36537
3771
36541
3778
36547
20165
36549
20168
3790
20177
36562
3798
20182
36567
3800
20184
20189
36574
20190
20191
20193
36578
20195
20197
20198
36586
3819
20205
3823
36591
36593
36600
3833
3835
20219
36605
3838
3840
3842
36610
3844
3848
3853
3854
20238
20242
3860
3861
3864
36632
20251
3869
36638
36639
3872
36641
3875
20259
36643
36644
20261
36645
36649
20267
20268
36652
36658
3891
3896
36664
20282
36666
3900
20287
36676
3911
36681
36682
36684
20302
36686
20303
3921
20305
20306
3923
20307
36693
36696
20317
36702
36703
36706
20327
3944
36712
3945
3948
36716
3949
3951
20335
36720
3953
20339
20340
20341
20342
3961
36729
3971
20357
36743
20361
3978
3979
36747
20364
3983
3984
3985
36755
36756
20374
3993
3994
3998
20383
36767
36772
4008
36779
4013
20400
4019
4020
36788
36793
36794
36795
4029
36797
4031
20415
36799
4032
36804
20425
4046
36815
20432
20433
4051
20435
4053
4054
4055
4056
36824
4058
20442
36827
4060
36829
20445
36831
4065
4066
36836
20454
36842
4076
20462
4080
36848
20466
4083
36851
4085
36854
36855
20472
20475
4094
4097
4099
36868
4103
36872
20490
4107
36876
4109
20493
4111
20498
36882
20500
4120
20507
20510
20521
4139
4141
36910
4144
4146
20532
20535
4154
20538
20539
20540
20541
36927
4162
4163
20549
36934
4167
20551
36935
36936
20554
4171
36939
20556
20558
4176
4177
4179
36947
36949
20567
4185
36958
4191
4192
4195
4197
4206
36974
36976
20593
4211
4212
4213
20601
20602
20604
36988
36990
20611
36995
4228
36999
20622
20626
20628
37012
4245
4246
4248
4249
20633
37019
4252
37023
4257
20641
20643
37027
20645
20648
4269
37038
20657
20659
37043
37044
4277
20662
4279
37050
4283
20667
37053
20670
37057
37060
4293
37062
4301
37070
4308
37078
37080
4314
4315
4317
4321
20707
4325
4328
37097
20715
4334
20719
4340
20724
37113
4345
37116
20734
20736
20739
20740
4359
20743
4361
4364
4365
37136
20753
37139
4372
37141
4374
37143
4378
20762
4381
37152
37154
20774
4392
4393
20779
4397
37169
20785
37170
4403
37171
20788
4405
20789
37173
20792
37178
37180
4413
20797
4415
4418
20804
37188
20805
4422
37190
20810
4429
20814
37199
20817
37202
4434
20818
4440
4442
20827
20828
4446
37214
4447
4449
4450
20837
20840
4457
37226
20842
4459
20843
4460
20846
4465
4466
20852
4471
4473
4477
20862
20876
4495
37264
4499
37272
4505
37273
4507
20896
4513
37282
4515
20899
37284
37287
4520
20904
20905
20907
37296
20913
4532
20917
20919
4537
20924
4541
20925
4544
20928
4547
37316
20934
37318
37320
4555
20940
37324
20944
37329
4562
20947
37339
37341
4575
20962
4579
4586
37355
4587
20973
4590
20975
37359
20977
37361
4596
37364
4597
4598
4600
37373
37376
4609
4612
37380
20997
37381
4614
37383
4616
4618
21003
4621
37390
21008
21009
4630
21015
4633
37402
21024
37409
4641
21030
4648
21033
4650
37418
4652
4653
4655
4658
21042
21043
37428
4661
37431
37432
37433
21051
4672
37442
21059
21060
21061
37450
4685
37453
37454
21070
37455
21074
21080
21082
4699
4703
4708
37477
4710
37479
37480
21097
4714
37482
21101
37491
37492
21111
4729
37502
21124
21125
4749
37517
21134
4750
37518
21135
4752
21136
4755
37524
37526
4759
4762
37531
21149
4770
21155
21158
4775
21159
4776
4777
37546
4779
21163
4780
37548
21165
21166
37550
4783
4785
21174
37559
21178
4795
37563
37565
4798
21182
37566
37568
4802
37571
4809
37578
4813
21204
21205
37589
21206
4823
37591
37597
37607
4840
4842
21232
4848
37619
21237
21238
37622
4857
21241
21242
21244
37633
4866
37634
37635
4868
21253
4872
4873
4874
21263
37647
21264
37648
37651
4886
21271
4890
4891
21275
4893
21278
37662
4896
4897
37665
37666
4900
21286
4904
21288
4906
21290
4908
37676
37678
21296
37681
21300
21303
37688
4926
21312
37700
4934
21319
37704
21321
4938
21322
37708
37711
21330
37719
4953
21340
37726
37728
4963
21348
21349
21351
21353
37737
4973
4976
21361
37747
21364
4981
21365
4982
37750
21367
4989
21373
37759
21381
37766
21384
5002
21386
5005
21398
5015
37783
37785
21402
37787
21407
5025
37793
5028
21412
5033
37802
21419
5036
21430
21434
37819
5057
21446
21448
21449
37835
5072
37840
21457
37845
21462
5082
21467
5084
21469
5087
5089
21473
21476
21477
37861
21478
21480
5097
21482
37867
37868
37869
37870
5106
37877
5112
5113
37881
21501
37885
21502
37886
37888
5126
5133
37902
5136
5138
5139
5140
21524
21530
37914
5147
5153
21537
5155
21540
5157
5158
21543
21544
37929
21550
5169
37937
37939
5174
37948
21566
21567
21568
37952
21572
5189
21574
21577
37961
37962
5196
5198
37966
5202
37972
5205
5206
5211
37979
5215
21603
21604
21608
37992
37993
37994
21613
5231
38000
38003
21620
38007
21624
5241
38010
38013
38014
21631
38016
21636
38022
38023
21640
38024
38029
21646
5264
21648
38032
21649
38034
5268
5269
5271
21655
38039
38040
5272
38042
21659
5279
21667
38053
21674
38059
38060
38062
21678
38065
38066
38067
21683
38069
21686
21687
38071
21690
21693
5317
5320
21704
38089
38090
21707
21708
5325
38094
21711
5328
38097
38101
21718
21720
38104
21723
5340
5341
5344
21728
38113
5346
21730
21731
5351
21735
38120
38123
5356
21742
21743
38129
21746
38131
21748
21750
21755
38143
38144
21761
38147
38148
5382
21767
21768
5386
21770
38154
5389
21773
5391
21776
21781
38170
5403
21787
21789
38173
21790
38176
21793
38177
38178
38180
5413
21797
38185
38190
38191
5423
5424
5426
5427
38197
38200
5435
21819
21820
5438
5439
5441
5445
21829
38215
38216
5451
21836
21839
5456
38224
21841
21845
5463
21848
21849
38233
5466
21851
38235
21852
5469
5473
38243
5475
21861
21862
21865
5483
5485
38254
5487
38257
5490
21874
38258
5491
38259
5496
21880
5497
21882
5500
38270
21892
5509
21895
38281
5515
5516
38284
21901
38285
21902
38292
21909
21910
5528
5533
38302
38304
21921
5538
5540
38308
21924
5541
21927
5544
21931
21932
38317
5550
38319
5552
21937
38325
21942
5560
21944
38328
5562
21949
21950
21951
5568
5574
5576
21961
5578
21962
5581
21966
5586
38355
5591
38362
21979
38364
5601
21985
38370
38371
5604
21988
38372
21990
21994
5611
38381
38382
22001
22004
22005
38390
38391
22008
5625
5628
22012
38397
22014
5633
22018
38404
22024
38418
38420
22036
38422
5657
38426
22043
22045
38429
5664
38433
22052
5670
38440
38441
22057
38442
38443
5676
22060
22063
22064
38450
5683
38454
22071
5689
38458
22081
22083
22087
22088
22090
22096
38484
5724
38493
22110
5727
5728
38497
38499
22116
38500
22118
5736
38510
38511
38515
22132
38518
38520
22139
5756
22142
5764
22149
38536
5769
22153
38537
5770
5772
5776
38545
38547
5780
5782
22167
38553
22170
38555
5788
5789
22174
38560
22178
5798
38568
5801
5805
38574
38575
5809
22193
5811
5812
5813
22201
38587
5820
5821
22206
38590
5825
5826
38594
5827
38596
22215
5835
22222
5840
22224
5842
22226
38614
22233
22235
22236
38621
5858
38627
38628
38629
22246
22248
5865
22249
38635
22252
38636
38639
38640
22256
22258
22260
22263
22264
5881
22272
5890
38660
22278
5900
38668
5901
22286
5904
22290
38675
22295
5912
38681
38682
5915
38684
22305
38692
5924
38694
22312
5930
38698
22315
22317
22319
22320
38706
5943
5945
22332
38717
5950
5952
5956
22340
5957
38728
38730
5965
5968
38738
5973
5974
22358
38742
5978
22367
5985
22370
5988
38756
5990
38758
22376
38761
22379
38763
22383
6003
38773
6006
38774
6008
6010
38778
38786
6024
38794
22412
22414
22417
38802
38804
38805
6046
6047
22432
38816
6050
6051
6057
22442
6059
22445
38829
22446
38830
22450
6074
38842
6076
38844
38851
6084
22468
38853
6089
6092
38860
38862
22479
22481
6098
38867
22484
22488
6109
6110
22495
38881
22498
22501
38885
6124
22508
22509
38894
38895
6131
38899
22521
38910
6144
6145
38914
22531
22533
22534
6151
6152
38920
6155
6157
22541
22543
22544
38929
22546
22548
22549
6167
22553
6170
6172
22563
6182
6183
22567
22568
6185
38953
6190
38958
38960
38961
6194
22579
38964
6198
6199
38967
38968
6200
22587
38971
22592
6209
38977
22600
38984
6220
38988
6221
22605
38990
38992
6226
22616
6234
6235
39003
39004
39005
22622
39006
39010
22628
39014
6248
6249
39021
22639
39028
39033
6268
6271
6276
39044
22668
22669
6294
22678
22681
6299
6300
6304
39072
39074
22690
6307
39079
22697
6314
6315
6319
39087
6320
39088
6324
22709
39093
6328
6332
22716
39106
39109
22726
6344
39112
22736
6355
39125
22742
6360
22744
6362
22747
6365
39133
6367
39138
6373
39149
6384
39153
6386
6388
22772
6392
39160
6394
39162
22780
39164
39166
6399
39170
6406
6407
39175
6409
39177
6412
6418
22803
39190
22807
22809
22810
39194
6427
22817
39204
22821
6439
39207
22824
6441
39214
6447
22832
6450
22835
39225
22842
6460
6463
22847
6465
6466
39240
39241
22857
39244
22862
22863
39250
22871
39256
39257
6490
22874
22875
6493
39261
6496
22881
22882
22885
22886
22888
6507
39275
22894
6512
39281
39282
6515
39288
22905
6522
22908
39293
6526
22910
22911
6528
6529
39297
39298
39301
22918
6535
22920
22921
22922
22924
22926
6546
22932
39317
6549
22933
6552
22937
39322
39323
6555
22939
22940
6557
6558
39329
6562
6563
39332
6565
22952
22956
6577
22962
39346
22964
6580
22966
39351
22968
22974
22978
6595
22982
22985
39371
39372
22990
6609
6612
39380
22997
39383
6616
23001
6621
6625
6633
39401
39402
39403
39404
23022
39409
39410
6645
23029
39414
23031
23033
23035
23036
6653
6654
39422
39423
39428
39429
23046
39431
23049
23050
23051
23053
6670
39438
6672
39440
39444
6679
23065
6684
6685
39454
39456
6689
23077
39461
23078
23079
6696
6697
39466
6698
39467
23086
39471
23088
23089
23090
39476
6709
23093
39480
23100
39484
23102
6719
39491
39492
6729
23113
39499
6732
39501
6734
23120
6737
39506
23125
6742
23127
39511
39512
39514
39515
39516
39517
23134
23139
39527
39529
39531
6764
23149
39544
6777
6778
39546
6787
6788
23173
39557
6790
39558
23176
6795
39563
23180
23183
23188
6805
23189
23190
6808
39578
6812
23196
6813
23197
6814
39587
39589
6821
23206
39592
6826
23210
39597
6830
23215
6832
6833
39601
6834
23220
6837
23225
23227
39613
23230
23232
23233
23235
39619
23236
6853
39621
39622
23241
23242
39626
39628
6864
23249
39633
6868
39640
23260
6877
39645
23263
23264
39659
6892
39660
6894
23279
23280
6899
6900
23288
6907
6910
39680
23299
39686
6919
23303
39692
6926
39694
39697
39703
39707
39711
6945
6948
39716
39718
39721
39722
39724
39727
23344
39731
23349
23350
39734
39736
6969
39738
6971
23355
39740
39741
39742
39743
39745
6980
6982
39750
23368
6990
23376
6997
23383
39769
7001
23385
39778
7011
39779
39782
7014
7017
7024
23408
39793
7026
23412
7030
23417
39805
23423
7041
23425
7042
23427
39811
39817
7051
39825
23442
7060
39828
23446
7068
23453
39838
7071
39839
39842
7075
39843
23460
7079
23463
7080
7081
7088
39859
7095
39863
7096
23480
7098
23484
7101
39870
39874
7107
23494
39879
7112
23497
39881
23499
39883
39888
39889
7122
23509
39895
23516
39902
23519
7135
39903
23525
23527
7145
39915
39916
23534
39920
39921
23538
23539
39924
23542
39926
23544
39933
23550
23552
7169
7170
39938
7177
39949
39951
7185
23571
23573
39958
7191
39959
23576
39960
23578
39964
39968
7202
23590
39975
7208
39978
39980
23597
39982
23602
39988
39989
7222
7226
23610
39996
7230
39998
39999
40003
40009
40017
23635
40022
7255
23639
7258
7259
23645
23646
7264
23652
23654
40042
7275
23661
40045
7281
40049
23665
7288
40057
7290
40059
7295
7300
40070
23689
40073
23690
40076
7314
23700
40085
7318
7320
40089
23706
23707
7325
23710
7330
7331
7335
23725
7342
23726
23727
7346
40119
7352
7353
23737
23740
7357
40125
23746
40132
40133
40136
7370
40144
40145
23762
23763
7380
7383
7384
7391
7395
7405
23789
7406
40176
23793
40179
7412
23796
7413
23798
40182
40186
7421
23805
40192
23812
7431
40200
23817
40201
23819
40204
40207
23825
40210
7451
23835
23837
40221
23840
7456
23846
40230
23849
40235
7469
40237
40238
7474
7475
23861
40245
40249
23866
23867
23874
40258
7491
7492
7494
40262
40264
40265
40266
40267
40271
40272
40276
40277
23894
7512
23897
23900
7518
7523
23907
40294
23912
7530
7532
7538
7539
23923
7541
23926
40311
40312
23932
7550
7552
23939
7558
7560
40329
7567
40335
23952
7569
40339
23962
7580
40348
23966
40351
40353
23973
7590
40358
23989
7609
40378
7610
7612
24003
40387
24008
40392
40393
24010
7628
40401
40402
7635
40403
7637
40405
40409
7642
24028
40412
24030
40419
7654
24038
40423
7658
40426
7659
7661
24045
40430
24047
24048
7665
40441
7673
40443
7676
7677
24063
40449
24066
7685
40454
24072
7690
40459
7694
40462
7696
7697
24081
40466
24083
7702
7704
7708
40476
24099
7716
7718
7719
24107
7724
7728
40498
24116
40500
40501
24117
24122
24126
7744
24129
7748
40516
24133
7750
40518
24134
40520
24139
7760
24146
40530
24151
24152
24161
40546
7782
24168
24170
7787
24171
40555
7788
24172
40556
24173
40557
24176
7793
7795
40567
7801
24186
7806
24191
7808
24192
24193
40582
24203
40589
40594
40595
7830
7836
40604
7837
24222
7839
24224
24229
24237
24238
40623
7856
24243
40629
7862
7863
24247
24252
40638
24255
40639
24259
7881
40649
40653
24274
40659
7894
7897
7898
24285
40669
7902
24290
7908
40676
40677
24294
40683
24302
40686
7922
24308
24312
40696
24314
24321
7938
40707
24324
7941
24326
24327
7944
24328
7945
24331
40716
7949
40717
7950
40719
7953
7954
7955
7957
7962
7965
7967
24354
7974
24359
40743
40744
7977
40746
7979
24369
7986
40755
40757
7990
40758
7991
24376
40770
40771
40772
8012
40783
40785
8021
8022
40791
24409
40793
8028
8029
40798
24416
40801
8034
8036
24420
40804
40810
8043
40816
8049
24434
40820
40822
24442
24444
40829
40831
8068
24453
8070
40842
8076
40846
8079
24463
40852
24472
40857
40858
24475
24476
40864
24480
40865
24486
8103
24489
24490
24491
8111
8113
8121
8123
40892
40893
24516
40900
24518
24519
24520
8138
40906
24523
24526
8143
40911
24533
8150
24535
24538
40925
8158
24545
8162
24549
8165
24553
8169
8172
24557
40942
24560
40944
40946
8181
8183
24572
8192
24581
8215
24600
40984
40985
24607
40992
8226
8227
24612
40997
8230
8231
41001
24618
41004
24623
8244
41017
41018
8250
8253
24638
24639
41025
8258
8260
24645
8262
24646
41032
41034
24653
41037
24655
24659
41046
41048
8282
8288
24673
8293
24678
8297
41066
24684
8305
8306
24691
8310
41079
41081
41084
41090
41091
41092
8327
24713
41101
24718
8334
8335
41109
41111
8344
41113
8347
8349
24733
24737
41121
24739
24740
8357
8360
24744
8366
41139
24759
41145
8379
41148
24764
24767
8385
8388
8389
41158
24776
41160
24777
41161
41162
24779
8396
24780
24781
8398
8399
8401
8402
8403
24788
24789
41174
24791
8412
41185
24802
24803
24805
24808
8425
41193
8429
24816
41202
8441
24832
8449
8451
24837
41221
41223
8457
24841
8463
24847
24849
8466
41238
8471
8472
8473
24858
8474
8478
24863
41250
8484
24869
8486
24871
41255
8488
8491
24875
8492
8493
41262
24882
41274
24892
24896
24900
41286
24903
8521
24905
24906
8524
24908
24909
8526
24911
24912
41297
24915
24917
41307
8541
41309
8545
24929
41313
24930
41315
8548
24933
41320
24937
24938
24941
8558
24945
24948
24950
24951
41336
24952
24953
8572
24960
8577
24962
41346
41347
8581
41349
41350
8588
24973
8596
24980
41365
24986
41371
8604
8606
8607
24991
41376
8609
24998
41383
25002
25004
41390
25006
41391
8624
41392
41396
41399
8631
25018
8638
25022
8640
41408
8642
25026
8643
25028
8648
25034
25035
25036
41422
41423
8656
25041
25044
41430
8663
41432
25049
41435
25052
41436
41444
8677
25061
25063
41449
41451
8686
25070
8688
25079
8696
8702
41473
8708
25093
25094
41479
8712
41484
25102
41489
8723
8724
25109
41494
8727
25111
8728
25114
41498
41499
8732
8734
41503
25120
8737
41506
41507
25123
41509
8742
41511
41514
8750
25134
41519
8753
25141
8759
41529
25149
8766
25150
41534
25151
8771
25157
25158
25161
41552
8785
25169
8786
25173
8790
25176
41560
25177
8802
8810
8815
8816
25202
25203
41587
8826
25212
41599
8832
41600
8833
25218
8839
41608
25227
8845
41615
41616
25234
25236
8852
25237
41623
8857
41625
25242
25247
41634
25252
41640
25260
25268
41656
41666
25285
41670
8906
25291
41677
8911
41679
8913
25297
25298
25306
25307
8923
25313
25317
8936
25320
41705
41710
41711
41712
8945
8946
8948
41717
41722
8955
25340
41726
8963
41735
41739
25356
41741
8974
25361
8979
25363
41747
8980
25365
41755
25372
41756
8992
8993
25377
25379
25381
25383
9002
25388
9005
25389
9007
41776
25396
9012
41780
25398
9017
41788
41789
25407
9025
9027
9028
41798
25417
41803
9037
25421
41806
25424
41808
9043
9048
25434
41818
9052
25436
41820
25437
41822
41823
25442
25443
25445
41829
25446
25447
41831
41834
9067
9068
9069
41838
25457
25459
41844
25463
9081
41852
25469
41854
25470
9087
25474
25475
25477
25479
9096
9097
25481
41870
25489
41877
25497
41881
41883
9117
25505
9123
25510
9128
41898
9132
41901
41906
41908
9142
25526
9143
25528
25529
9146
41914
25533
41917
41922
9156
25541
41926
41932
41934
9172
25556
9174
9177
41945
25563
9182
41950
41951
41953
9186
41958
41961
41963
9204
25592
9210
9211
25596
41980
25597
41981
25598
41982
25600
41985
9219
9222
41992
25608
9224
41994
41995
25612
41996
9234
9235
9237
25622
9241
9242
42011
9246
42014
9248
9249
9250
25634
9251
9253
42022
42023
9259
25644
42030
42032
25650
42034
9268
9272
25656
9273
42043
42046
42047
25665
42052
42053
25671
9288
9291
9292
42060
42063
9296
25681
42067
25686
42070
9303
25691
9308
42076
42078
25695
9312
25696
42080
25697
42086
25704
9323
42092
25712
25714
9332
25716
25722
42106
9339
42109
25727
9344
42114
25732
42116
9349
25734
25735
42120
9355
9356
42125
42126
42127
25744
42130
42131
9364
25748
42136
9370
25755
42139
25756
42140
25761
42145
9379
9385
42153
25770
25772
9390
9391
25781
25783
9400
42170
9408
42178
25796
42180
25797
9416
25801
9420
25805
25807
42191
42193
42194
42196
25815
25816
25819
9440
42209
42210
9444
25828
25829
9446
25831
42216
25833
25834
9450
9451
42220
9455
42226
25845
25850
42237
9471
42239
42241
9475
25859
42243
9479
25863
42251
25868
9486
9487
25871
9491
25875
25876
42262
42263
9496
9497
25881
25882
9500
25884
42268
9502
25887
25888
9505
42274
25892
42276
42277
42278
9512
42280
9513
9514
42282
25899
25900
42286
42287
25905
25906
9523
25908
9525
25909
42293
42294
9527
42296
25913
42301
9535
25921
9539
25923
9540
42311
25929
9546
42319
42322
25941
25942
25943
25951
9569
42339
9572
42340
42341
9574
25958
42345
25963
25964
9580
42348
9582
25966
42353
42358
9591
25978
25979
42363
42366
9600
25984
25985
9603
42371
25993
42377
9610
9613
9616
9618
42386
9621
42392
9626
26010
26011
9635
26023
26024
9643
26027
42411
42412
26028
42414
26033
42418
26036
42422
9654
42423
42425
9659
42431
26048
42432
26049
9667
42442
26060
26061
42447
9680
26065
9684
26069
9691
42460
42462
42464
26081
9698
42467
42473
42478
9711
42482
26107
42492
9726
26111
9728
26114
9731
42499
26118
42502
26119
42505
9739
9741
9742
42511
26131
42515
42516
9751
9756
42524
26141
9759
26144
9763
42535
9770
9775
42544
42545
9778
9781
26167
42552
42553
42554
9791
26176
26177
9794
9796
26181
42565
26182
42566
26184
9801
26190
9810
26197
42581
26199
42583
42584
9817
26202
42586
9824
42592
42598
9834
9836
9837
9844
9846
9847
9849
9851
26236
26239
42624
26241
9858
9860
9864
26248
9865
9868
26255
42641
9873
26258
9874
26259
9877
9878
26262
9883
26267
42654
9887
42656
42657
9890
42659
9892
9894
26279
42670
42671
26288
9908
42680
26297
26302
42686
9920
9923
42692
26309
9926
9929
9936
26320
42705
9938
42706
9942
9947
42717
26334
42721
26339
9958
26342
9959
9961
9962
26346
42730
9963
42731
42732
26350
26351
42738
9972
42741
26358
26361
42745
26363
9981
26365
42750
9984
9987
9988
9989
26373
42762
26379
42763
9998
42767
10000
10002
42771
42772
26389
26392
10012
42780
10014
42782
10015
42785
42789
26409
10026
10028
10034
42802
10036
10038
26428
26429
26431
10048
42816
26432
10050
42819
10052
26436
42820
26442
10059
10061
10062
10064
26448
26453
26454
42838
42839
10073
10074
10077
42845
26462
10081
10082
10083
42851
10085
42853
10087
10088
10093
10095
42863
26480
42865
10100
26485
26487
42882
10117
42887
10120
42892
10126
26513
10130
26515
26516
26518
10135
10136
10138
42906
10140
42910
10147
26532
26534
10155
26540
42925
10158
10163
26547
10165
42936
42937
42938
26555
42946
26564
42950
10185
42953
26570
42957
10196
42968
26586
26593
10215
26599
42989
26607
42991
26610
26618
26621
26624
26628
10246
26631
26633
26634
26636
26637
10255
43028
10263
26653
26654
10270
43038
43039
43043
10276
10279
26663
26664
26668
26669
26670
26671
10288
43058
43060
10294
26680
43064
26686
10303
10304
10305
10307
43076
10309
43077
10311
43079
43083
10319
43087
26704
43089
10322
26706
10323
10325
43094
26711
10329
43097
10333
26718
10335
10338
26726
26727
43112
26731
10350
10352
43120
26739
43123
10356
43125
26741
26744
43129
43136
10372
43145
10378
43148
43150
10383
10384
43154
10386
10387
43155
10389
10390
43158
26775
43159
43161
26778
10396
10397
10398
43167
26784
43170
10405
10406
43178
26796
26801
43186
10421
26807
10425
10426
43194
43195
26814
10433
43203
10436
26824
43208
10442
43212
10446
43218
10451
43220
10454
26838
43222
10456
26841
26844
26849
43234
10466
10468
26852
43236
10469
10470
26855
43242
10475
26863
43248
43249
10482
43250
26869
43253
43254
26874
43260
10497
43265
26888
26889
43273
43274
43275
43278
26896
43280
26899
43283
10516
43286
10522
10526
26910
43297
43298
26916
26917
10535
10537
10540
43311
10544
43312
26930
43314
10547
43315
26932
10549
10550
43320
10553
43321
43323
26943
43327
43331
43333
26951
10572
10575
10576
43344
26962
43348
10583
10585
43358
26975
10595
10597
43365
43366
10600
43368
26986
43375
43380
26997
10616
10619
43389
27011
43395
27019
27021
27022
43407
10642
27029
27031
43417
10650
27034
27035
43421
27037
10656
10657
27041
10658
10661
43430
27047
10666
43435
27053
10671
43442
27059
10677
10678
43446
10679
27065
27068
43453
10686
43454
10687
10689
10690
10695
27079
10699
10702
27087
43471
27089
27092
43477
27096
27099
27100
43484
27102
43487
43488
10722
10724
10726
43496
10732
27118
27120
27123
43510
43511
27128
10745
10749
27134
43518
27141
27142
27144
10761
10762
27147
43531
43532
27151
10768
27152
10769
43539
27156
10776
43545
27161
43550
43551
27170
43554
43555
10788
10791
27182
43567
43569
10803
27187
43572
10805
43576
27193
10809
10811
10816
10820
10824
43593
10826
10837
10845
10846
43615
10849
27234
10851
10854
27242
43628
27247
43631
43632
10866
43637
27254
43639
27255
27256
43640
27258
43644
43646
43647
10881
27267
10896
43665
27285
43669
43672
27290
27291
27292
10912
43681
27298
43684
43689
10922
10926
27310
27311
10927
10928
43697
10931
27316
27323
43707
27325
10942
43710
27334
43722
10954
43725
27343
10960
10961
10965
43735
43736
27353
43743
10976
10978
10979
27369
43754
10988
10991
43759
43762
10995
43765
10997
43767
11002
43771
11006
27390
43782
11016
43784
27401
11017
43786
27402
43787
43789
11024
27412
27413
11031
27418
11036
27421
43807
11040
11041
43810
11044
11046
27430
11047
11048
43819
11052
11054
43822
43823
11058
27444
27445
11066
27451
27452
11074
43843
11076
27461
27464
11080
11081
43849
11083
27467
11085
43853
11087
11091
43860
11092
11093
43863
11095
27479
43865
11097
43869
11103
27489
11106
43875
27494
43879
43881
11115
43883
43884
27500
11117
11121
11122
11124
43894
43896
11131
27516
43900
43901
27519
43904
43905
11138
11139
27537
43921
43926
27543
43927
43928
43929
27546
43930
11164
43932
27551
43936
43938
27555
43940
11174
43944
11179
43949
27566
43950
43954
27571
43955
27581
43965
27584
27587
27592
43978
27595
27598
11215
43985
27604
27608
27611
27617
44001
27619
44003
44005
27623
44012
27628
27629
11247
11249
44020
27638
44023
11256
27641
11258
44029
11262
44033
11266
27650
11267
27651
27653
44037
44040
27658
44042
11277
11279
27664
11282
44050
27671
11288
11289
44057
11292
44064
44069
44071
44073
44075
27693
44080
27699
11318
11320
27704
44088
27705
27708
27716
27717
44102
44103
44104
11338
27724
11343
27730
11346
11347
27736
27738
44123
11356
11361
27747
11365
11366
44135
44137
11370
44141
27757
27763
11380
27765
44152
44155
11389
44158
11391
11393
27777
27781
11398
11401
11404
44172
11405
11408
44176
27796
44180
44181
27800
44193
11429
44197
27816
27822
11439
27823
44207
27824
27827
44211
44212
27830
11453
27838
27839
11456
11457
27841
44226
44227
11461
44230
44234
44237
44239
11472
27856
27859
11476
11478
11487
27872
27874
27876
44263
44266
11500
27884
27885
44270
11503
44272
11514
27902
44287
27905
11522
11523
27908
11525
11527
27912
44296
27913
11531
11533
11536
44304
11540
11542
27928
11544
27929
27934
11552
27940
11557
11560
11561
11562
11570
44339
11573
11577
27962
11579
11580
11582
11584
11585
27970
11589
27974
44358
27979
44363
11596
27980
44365
44367
44369
27986
44371
11604
11606
27992
44378
11611
27995
27998
11615
44385
28007
11629
11632
44403
28020
11640
44410
44415
28033
28035
28038
28040
11657
11659
28043
11666
44434
44447
11680
44448
28067
28068
11687
11688
11690
28078
11697
44466
28083
28084
11702
28086
11707
11713
28097
44482
28101
28102
28107
11726
44500
28117
28118
11735
11736
28120
28122
28123
11740
28125
11745
44514
28130
44517
11749
11752
11753
28137
44522
44523
11756
11761
44532
44533
28150
28151
28152
11769
28154
11771
28156
44543
28161
11777
11778
44547
11783
28171
44556
11792
28180
44567
28185
28190
11806
11807
44578
28194
44579
11812
28198
44584
28203
44587
11820
28205
11825
11826
28212
28215
44600
28216
11836
44607
11839
44610
11843
11844
44617
44618
11852
11853
44621
28238
11856
44624
44627
11865
11866
44638
11873
11874
11880
28265
44649
11883
28271
11889
11894
28280
28286
11906
11908
28295
28298
28299
11917
28302
28303
44687
11921
28313
28314
11931
28316
11936
28320
11940
44709
44716
28333
11950
28335
11953
28343
28344
11961
44730
28348
44732
28353
11971
28355
11973
28359
28362
11982
28368
11985
44753
11987
11990
28377
44762
28382
11999
28384
44773
28390
28396
12014
12017
44789
28406
12023
44791
12024
12026
28411
12028
44797
12029
12030
28414
44799
12033
12035
44803
28420
12037
12040
28425
12042
28426
28428
44812
28432
44816
12055
12059
28444
12064
44832
44835
28455
28464
44849
28466
44854
44855
12087
44860
12093
28477
28479
12096
12102
28486
28492
28493
44879
12112
28496
28498
12121
12123
28510
12127
12130
28516
44900
28519
44903
28521
44905
28522
44907
28526
44910
28528
12146
12148
28534
44923
12157
12159
12161
12162
28546
44932
12167
28552
28557
44941
28560
12178
12179
12181
12183
28572
12191
44959
12195
28580
12198
12201
12205
44973
28590
12207
28591
12212
12214
28603
28604
44991
12225
28610
44995
45000
45001
12234
45002
45005
12239
28624
28625
45012
28630
28631
45015
12249
28633
12252
28638
45022
28641
12258
45027
45029
12264
45032
12266
28650
45035
45036
28656
45040
12275
45043
45046
28665
45049
12282
28675
28678
28679
45068
45069
45070
28691
28697
45081
12314
28698
45084
45087
45091
28708
12328
45098
45100
12333
45102
12334
12335
28719
45103
28720
28722
45106
45107
45109
45110
45111
28732
12350
12354
12355
12361
12362
12363
28747
28748
28759
12375
28761
28762
12380
28765
12383
12397
28781
28782
12403
28788
28792
12409
28795
12417
28802
12421
12422
12424
28813
12430
12431
12432
12433
28818
12436
12438
28825
12445
12446
12451
28843
12466
12470
28854
28855
12473
12475
12477
12481
12482
12484
28873
28878
12495
12496
28892
12511
28898
28903
12522
28907
12524
28910
12530
28915
12531
28916
12532
28919
12536
28923
28925
12553
12554
12555
28945
12565
12566
28950
12569
12570
12575
28963
12580
28970
12589
12593
12602
12606
12607
12609
28993
28997
29000
12625
29011
12628
12630
29015
12634
29020
29021
12638
29024
12643
29027
12645
12646
12648
12652
29038
29039
12661
29047
12665
29053
29065
12684
12686
29074
29078
29079
29081
29092
12708
29094
12711
12713
12714
12715
29100
29101
29103
29106
12723
12724
29109
29124
29128
12747
29136
29141
12757
12760
12762
29147
12764
29150
12769
29154
29158
29160
29163
29169
12785
29181
12804
29191
12810
29194
29195
29197
12831
12843
12851
12852
12854
12855
12857
29242
12860
12865
12870
12871
12873
12879
12881
29276
29278
29284
29289
12908
29296
29298
12917
29301
29305
12923
12928
29316
12935
12936
29320
12939
12941
29328
29330
12950
12953
12954
29339
12957
29344
29351
12968
12969
29354
29356
29358
29362
12979
29363
12980
29364
12981
12984
29369
12988
29373
12989
29384
29385
29387
13003
29391
29394
13010
29399
13019
29406
13026
13027
13033
13035
13036
29421
29423
29424
13043
29427
13046
13049
29433
13050
29436
13056
29441
29443
29444
29445
29447
29451
13067
13070
13072
13074
29459
13076
29461
13080
29466
29470
13088
13093
13097
29484
13103
13104
29488
13108
29492
13109
29501
13120
13121
29510
13130
29514
13134
13140
13141
29530
13151
13152
29540
29542
29546
29551
13168
29552
29555
29558
13176
13178
29563
29567
13185
13188
29575
29576
13197
29591
13212
13214
29598
13217
29603
29605
29609
13231
13233
13235
13239
29623
29625
29627
29632
13250
29634
13261
29645
13271
29659
29660
13279
29669
13287
13288
13289
29674
29676
13295
13296
13299
13303
13304
13312
29698
29711
29713
29715
13334
13336
13338
29729
13348
29733
13349
13350
29734
29735
13353
13356
13359
29745
29746
13364
29772
13391
13392
13400
13401
13402
13407
29792
29797
13415
13416
13423
29811
29814
29823
13440
29825
13442
29828
29830
29832
29835
13452
13454
13455
13461
29845
29846
13463
13467
29852
29853
29862
29863
29864
13483
13492
13495
29880
13500
29886
13506
29893
13512
13514
13515
29900
29901
29902
13518
13519
29904
13522
13525
13530
29914
29915
13535
13536
13542
29926
13544
13553
13556
29940
13560
13562
13567
29952
29953
13570
13574
13587
13589
13595
13600
13606
13608
29992
13609
29993
29996
13617
13621
30006
13623
13624
13626
30013
13632
13633
30018
13636
30023
30025
13642
13644
13648
30036
13654
13655
30040
13659
13660
13662
30048
13666
13667
13673
30059
13676
30062
13680
30064
13681
30068
13687
13688
13691
13694
13695
30084
30085
30087
13705
30091
30100
13717
13719
30104
13721
30106
30110
13733
30117
30121
13740
13742
30127
13744
30129
30131
30136
13757
30142
13767
30151
30158
13776
30162
30164
13791
13798
13802
13806
13813
13815
30199
13816
13817
30203
13821
13826
13832
30221
13838
13839
30223
30232
13848
13851
13854
30239
13856
30240
30241
30245
13864
30250
13868
30256
13876
13879
13880
13881
13883
30268
30270
30276
30280
13897
13898
30283
13904
13907
30300
13922
13923
30308
13925
13926
30311
13936
30321
13938
30323
30324
13944
30328
13946
13947
30333
30337
30340
30344
30350
13975
30363
30367
30377
13997
14009
14014
30401
14020
30407
14027
30411
30415
30416
14034
30423
30424
14041
30425
14042
30427
30428
14045
30429
14055
30440
30441
30442
14061
14063
30448
14065
14068
14070
14078
14081
14082
30469
30470
30471
14088
14091
30475
14093
14094
14095
30485
30487
30489
14106
30492
30493
30498
14115
30506
14123
14127
30515
14135
30527
30530
14148
14151
30536
14157
30542
30544
30549
30550
30551
14169
30556
30558
30561
14178
14181
14182
30567
30568
14184
14187
14189
14192
30579
14198
14204
14206
14207
30591
30596
30600
30602
30606
30612
30615
14233
30619
30620
30623
14242
14244
14245
14246
14253
14254
14256
14258
30643
14261
30647
14268
14271
30655
14273
30658
30659
14281
30667
14286
30672
30673
30676
14295
30687
14309
14317
14319
30703
30705
14323
14329
14333
14334
14335
14339
30729
14350
30735
30736
30737
30739
14357
14358
30744
14361
30746
30749
30751
14369
14370
14374
14376
14385
30772
14389
14393
30781
14398
14403
14407
30804
30806
14425
30809
30810
14430
14432
30817
14433
30819
30827
14446
14448
30834
14453
30837
14455
30847
30851
14468
14472
30856
30862
30865
30867
14486
14488
30873
30879
14501
14503
30887
14504
30890
14511
30902
30907
30908
30912
14531
30918
14535
30919
14545
14546
30930
30931
14549
30934
30941
14557
30944
30946
14563
14564
30961
30964
30967
30970
30971
14588
30976
30980
14602
14604
30995
30996
30998
31001
31003
14620
31007
14627
31012
14629
31020
31022
14642
14643
14651
31037
31039
14663
14670
31054
31055
31056
31058
31061
31062
31063
31067
14686
31074
31077
14694
14695
31083
31085
14703
14704
14706
14708
31092
14709
31100
14728
14730
31114
14743
14744
31136
14754
31156
14774
31159
31162
14779
14780
31165
14792
14793
14804
31190
14807
14809
14810
31194
14811
31196
31197
14814
31198
31199
14817
14819
14820
31206
14825
31210
14830
31224
31234
31239
31242
14860
31248
31252
14869
31254
31256
14885
31271
14888
14889
31274
31275
14898
31284
14902
14903
14907
14913
14914
31300
14917
14918
31306
14925
31311
31312
31313
31314
31315
14932
14934
31318
31319
31323
14944
31330
31334
31340
31349
31350
14969
31354
14972
14975
31361
31362
14981
14983
14988
31372
14990
31377
14995
31379
14998
15000
15003
31387
31392
15011
31399
15016
15019
31403
15023
31413
15038
31423
31426
15044
31428
15046
31430
31433
31435
15053
15054
15056
15059
31454
31457
31461
31463
31468
15093
15094
15098
31486
15103
15106
15111
31495
15114
31503
31508
15127
15128
31513
31517
31524
31525
31526
15149
15150
15158
15160
31544
15167
31553
15170
31557
31561
15177
15179
15180
31564
31568
15185
15186
15187
31572
15199
31591
15211
31597
15216
31604
15226
31613
31621
15242
31629
31631
15249
15253
15255
15262
15263
15268
15274
15276
31661
15277
15280
15283
15285
31672
15291
31676
15293
15301
15306
15313
15320
31706
31709
15328
15331
31715
31716
15335
15339
31724
15343
15354
31738
31740
15357
31743
31744
31747
15372
31757
15373
31761
31765
15382
31767
31774
15395
31780
15400
31786
15403
31787
15405
15407
31794
31802
31803
15424
15425
31810
31811
31813
31814
15436
31821
15438
31825
15444
31829
31831
15448
15449
15450
31835
31837
15454
31838
31844
31847
15466
15468
31855
15472
15478
31865
31869
31872
15492
31876
31878
31886
15506
31893
31895
15517
15519
15520
31907
15523
31911
15528
31916
31921
31924
31926
31928
15545
15555
15556
15558
15562
31950
31953
31954
15573
15576
15579
15580
31964
31965
15583
31971
31975
15593
31977
31979
31980
15597
15599
31984
31986
31994
15613
31998
32000
32004
15620
15621
32013
15632
32017
15638
32022
32024
15641
15642
15653
32051
32052
32056
32062
32063
15681
15686
32077
15696
15704
32090
32092
15708
32100
32102
15719
15720
15721
32107
32109
32110
15727
15729
15731
15732
32120
32121
15739
32125
15744
15745
32129
15749
32136
15752
32137
32148
32149
15767
15775
15784
32169
32170
15788
32174
15792
32177
32179
15796
32180
15799
15801
15802
15803
15804
32191
32192
15808
15810
15815
32202
15822
32206
32207
15823
32210
32211
32214
15831
15839
32224
15842
15847
15848
15850
32235
15855
32244
15870
32259
15877
32271
15890
32279
15895
15897
32281
15903
32287
15912
15922
32306
32309
15926
15931
15946
15949
32334
15951
32338
32341
32343
32346
32351
15968
32353
15972
15974
32358
32366
15985
15987
32371
15988
32372
15989
32378
32379
32385
16003
16004
32389
32392
32398
16015
32402
32403
32411
16028
32416
32420
16039
32426
16047
16051
32437
16054
16055
32441
16062
32456
32459
16077
16080
32464
32470
32474
16091
16098
16099
32487
16103
32492
16115
16119
16121
32505
32508
16125
16128
16129
32514
32520
16136
32524
32525
16145
32536
32537
16153
16157
32542
16160
32554
16170
16173
32557
32559
32561
16179
32571
16188
16189
32574
16196
16198
32582
16199
32587
16205
32592
16212
16219
32607
16225
32610
32611
32615
16232
16234
32620
16237
32622
16240
16246
16247
16248
16250
16251
16252
32637
16254
32640
16256
16257
16259
32653
32661
16279
32663
32666
32668
16285
32670
16287
16288
16291
32675
16292
32685
32686
16304
32688
16307
32698
32704
32711
32715
16337
16338
16341
16349
16351
32737
16354
16356
32740
16357
16366
32751
16369
32755
32756
32758
16375
16379
16380
12
0
450
70
428
366
176
306
211
278
119
283
415
