640
4
5
1032
9
10
1035
1036
1037
15
1039
1043
20
1047
1048
1049
29
31
1055
32
1056
34
1058
1060
37
1063
1064
1065
44
1068
1074
1075
53
54
55
1079
1080
57
1082
1083
1084
62
1086
63
67
1092
70
74
1098
1100
77
79
1103
1105
84
85
1111
89
1115
92
93
95
1119
1120
98
1123
100
105
108
1132
111
113
114
1138
119
1143
1144
122
1146
1147
126
129
130
1155
135
136
1160
137
1162
139
1163
140
1165
1167
144
1171
1173
1175
153
155
156
160
1186
1187
166
1190
1194
1197
1198
1200
1201
180
181
182
1206
183
184
1208
185
186
187
1212
191
194
1218
195
1219
196
197
201
1226
203
204
206
1231
1233
210
1234
1238
216
1240
220
1244
1247
1248
1249
229
230
1254
234
1258
237
1262
240
244
1268
247
1271
1274
1277
1279
258
259
260
261
262
1287
264
266
267
1291
269
1293
1294
277
278
1302
1303
1305
1308
1309
286
1311
288
1313
1316
1317
1318
296
1320
299
1327
304
1331
311
313
315
1339
316
317
1341
318
1343
320
1345
322
1346
1348
325
1349
1351
1352
1353
330
1354
1355
333
1357
1360
1361
338
1364
342
343
1369
1370
1372
349
1373
1374
1376
354
1378
1379
360
1386
1387
1388
368
1392
1393
1394
371
1395
1396
1397
375
1399
1400
377
378
1402
382
1412
395
396
397
1422
399
400
1426
407
1431
409
410
1434
1436
413
1437
1440
1441
420
1444
1445
424
1448
425
1449
426
1450
1454
431
1455
432
1457
1458
1460
1466
443
444
1469
447
1472
450
1477
459
1483
460
1485
1486
463
464
466
1490
1491
468
1494
472
473
1497
474
1498
478
1502
479
484
1508
1509
486
489
490
1514
491
492
1517
1518
497
1521
498
499
500
501
1531
509
510
1534
1535
512
1536
1537
1542
1543
520
1544
522
527
529
1555
534
1561
538
1562
539
1563
1564
1565
543
1569
546
547
1571
548
1572
549
550
551
1575
552
553
1579
1581
1582
559
1586
566
1590
567
569
572
573
574
1598
1601
1603
580
581
1606
1607
585
1612
1613
591
1615
1617
595
1620
600
1624
602
1626
1627
605
608
1633
612
1637
1638
615
619
1643
623
1647
1648
1649
1650
631
632
636
638
1662
639
640
1664
641
1665
643
645
1670
1672
1674
1676
1678
657
658
659
1683
660
661
662
1688
665
666
667
1691
1692
669
671
1696
1697
674
1698
1699
679
680
1706
683
1707
1708
688
1714
691
692
1717
1719
1720
697
698
1723
700
1726
703
704
1729
706
708
1732
1737
714
1738
1739
717
719
1743
721
1745
725
1749
1752
1753
730
732
733
1757
734
735
1759
1760
737
738
739
740
1764
1766
1767
1768
745
748
1772
1774
1776
1777
1778
1779
1781
759
1783
1786
1787
764
1788
766
1791
1794
771
1795
772
1796
774
1798
776
1800
777
1801
1803
780
781
1808
1809
789
1814
1815
1818
1819
1820
798
1822
799
800
1825
1826
1828
805
806
1832
1834
811
812
813
815
1843
820
821
1847
824
1853
830
1855
833
835
837
838
840
841
844
848
849
853
855
858
860
861
863
865
876
877
878
879
881
883
888
890
891
893
894
895
896
905
907
910
911
914
916
917
919
920
922
934
937
944
948
949
950
953
960
965
968
969
972
974
976
977
978
985
988
990
991
994
995
996
998
1001
1003
1005
1006
1007
1012
1016
1019
1020
1021
1023
39
3
67
5
133
134
71
136
9
73
76
77
79
82
19
20
84
85
150
151
25
26
90
159
96
33
99
38
42
45
109
111
114
116
120
58
122
59
61
62
