5587
16384
32768
16385
32771
4
32772
16389
7
11
8206
8212
32788
16406
8215
24599
32792
16409
32795
8220
29
32798
32799
24608
24611
24612
16421
16422
24614
8232
42
24618
32810
8235
46
32816
32817
24631
32824
24634
32827
32828
24638
16448
24640
8257
32837
16455
32839
24654
32846
32848
24659
16469
8279
16471
24663
24668
32860
93
8285
32861
32865
32866
99
8291
16483
24675
101
32871
8298
24682
8299
16491
24686
24688
32880
113
118
8310
8311
32887
121
32893
126
32894
8319
16513
32898
8323
16516
32900
16517
24709
32901
8327
136
137
139
16523
32908
8333
32910
16527
144
16529
24721
32914
8339
8343
16537
16539
156
16540
8351
16544
8355
16548
24741
32937
16556
32942
16559
176
177
8369
178
24754
24756
32950
8375
16571
16572
16573
32957
190
24770
32962
196
16580
8391
8392
8394
24781
16591
24783
32975
16595
8404
24788
24790
8407
32983
8408
219
8413
16605
224
24800
16609
24803
24807
24812
16623
8432
24816
33008
24817
242
245
24821
8438
24823
24826
16635
24828
253
24829
255
8447
24831
24832
258
16643
33027
8455
266
33034
24843
24844
8464
273
8467
16660
8475
16669
24863
289
24866
33059
24868
293
33061
33063
296
8488
16680
8491
8493
33069
8495
304
24880
8497
8500
24884
311
8504
16697
8506
8507
24892
33084
16701
33085
33087
8512
8513
16707
16708
16710
24902
327
8519
24904
16714
332
333
16717
8527
24912
337
24913
340
33109
33110
24920
8537
33114
24924
8542
24930
16739
356
8549
358
24934
24936
24937
8555
33132
33135
16753
24946
33139
33142
8569
8570
24955
385
387
8579
8581
8583
392
393
33161
24970
395
24971
24972
401
8595
404
16788
33174
8599
24983
16793
410
411
24987
8605
33181
8606
416
418
8610
419
16803
8612
16804
421
16805
24997
8614
16806
24999
33191
424
16808
8617
16810
16811
25003
25005
25006
25007
432
8627
16819
25011
25012
33208
8635
16827
33214
33216
16833
8646
455
458
8653
25039
25040
33232
25042
33236
25045
16855
16858
8667
16860
33244
8669
33245
16862
16864
482
16866
25058
484
16868
25061
486
33255
488
33256
490
16875
25069
25070
495
16880
33265
33266
16886
8696
25080
508
25084
33276
25085
8703
16896
8706
516
16900
16902
16903
8712
16904
523
16907
526
33294
8720
16915
8726
536
8728
33307
540
25118
16927
8740
550
16935
33321
8746
25130
33322
555
557
8749
558
25135
16945
571
572
16956
25148
573
16957
574
33344
577
16961
8770
16964
25158
585
8778
8779
8780
33356
8781
8782
592
16976
8785
25170
596
16980
16984
25176
8793
16985
25177
603
16988
16990
16991
8800
8803
33379
33381
8807
25191
33383
17000
33384
17002
25194
33386
17003
25196
622
8814
17006
17007
25199
33392
17009
33395
25204
8821
8822
634
33402
17019
17021
25214
17023
33407
17025
33409
642
17026
25221
17031
652
25228
655
8847
656
25232
8849
658
8850
660
8853
25237
25239
33431
665
17049
8859
669
25248
33442
25251
25255
8874
17075
17078
8888
33466
33468
701
25277
17086
25281
706
17090
8902
25287
25288
714
8906
17100
17102
25295
33488
721
722
8914
33490
33492
17109
33493
17110
17111
25305
731
736
8929
25313
8931
17124
25320
33512
33513
8940
751
33520
754
33524
33525
33526
8951
17146
763
25341
17151
25345
25346
33538
771
772
8964
8965
8970
25356
33548
17165
33552
33553
8978
787
8979
25363
17172
8985
794
8987
33563
17181
25375
802
17186
25380
805
17189
25381
806
17191
25384
809
25385
17194
33578
25387
813
815
17199
816
25392
9009
33585
9010
33586
17203
33588
17206
17207
9016
33592
9020
25404
33596
17213
25405
9022
33600
25409
33602
33603
25412
17221
33605
839
840
17224
841
25417
842
17226
9036
17228
845
17230
847
17231
17232
849
25427
852
9044
25428
33620
17242
25434
9051
17243
17244
17245
33630
9055
864
25440
9060
9063
33639
872
25448
9066
25450
33643
17261
879
17263
881
9074
9077
886
33659
892
9086
25470
17279
17280
897
25474
17283
17284
9096
17288
17289
907
910
25486
17295
17298
915
916
33684
917
25497
926
17311
9120
17312
33696
25506
9123
17316
933
25510
935
9127
17319
17321
33706
33709
25518
9135
25519
33712
9137
17329
33713
33715
9140
17332
33716
33717
17335
17336
25528
953
33721
17338
9147
25537
33729
17347
9157
9163
33740
17357
9166
33745
25554
33746
25557
17366
17367
984
17369
25561
9178
988
9180
33756
33757
25566
9183
17375
17377
33761
17378
9187
17379
33763
17380
25573
33765
999
1000
33768
9193
33769
1002
9194
25579
9196
17388
9198
17390
33774
33775
1008
25588
25590
1016
25593
33786
33788
1022
1024
17408
25601
1027
25607
9224
17416
33800
9225
17419
33804
9229
25614
1039
25615
9232
17428
33812
17430
9241
1050
1052
17436
1055
17441
25637
25638
1063
25640
9257
25642
1067
25646
33838
33844
33845
33848
9273
33849
1082
33850
25661
9282
1095
9287
17479
17481
9291
25675
25678
33873
1106
25686
1112
17496
17497
1114
9311
9312
17504
9314
25698
33891
25700
33892
17510
33895
25704
1130
17515
17520
1138
25714
1140
25716
17529
1146
9338
9339
9342
1151
33922
9347
33923
9348
17540
33924
1157
1158
17542
33926
1159
1162
33931
33933
25742
1167
33935
25744
1169
33937
9362
25746
9364
17559
17561
17567
25761
33953
1186
1187
1188
1191
33960
1194
17578
17579
9388
17582
25775
1200
25777
33969
1202
9394
1204
33973
1207
17591
33978
17595
33981
25790
1215
25792
1218
17604
25797
1223
25802
1227
33995
33998
1233
25809
17621
25813
1238
17622
25814
1240
25816
9433
34009
9434
17629
34013
34016
25831
34024
25833
1258
9455
34032
9460
34037
1270
1271
25848
17657
34042
34043
1276
17660
17662
9471
34050
1283
1284
1285
1287
34056
9481
9482
25866
17677
25869
34061
9492
25876
34068
17686
9495
25880
9497
25883
34080
25890
1317
9509
25894
1320
17704
9514
17707
9518
1328
17713
17714
9523
25908
9526
9529
9531
1340
17725
34109
1342
9534
34111
17730
1347
1352
9546
17738
34124
17741
25933
1358
9551
1360
25936
25937
25938
25939
17749
1367
25945
34137
25946
1374
25950
1375
34144
9569
17761
34146
17763
25956
34148
9573
25960
17771
9581
25968
9586
9587
25971
34164
25973
25979
34171
17789
34173
1406
1407
17791
1408
17793
9602
1411
1413
25990
1415
17799
25991
25992
1417
17801
1419
25996
34188
9613
17805
34190
34191
9616
34192
34193
9618
9619
17811
34195
9620
34199
17816
9626
17820
9630
34207
1442
9635
1446
26022
17831
26023
34215
9640
34216
26025
26027
34220
26029
1455
34224
17841
9651
34227
34228
1461
9656
34233
17850
1467
34235
9660
17854
9664
17858
9668
1479
1480
9677
26062
1487
17871
9683
34260
26069
34261
1494
26070
9687
17879
26071
34264
9689
17884
9693
26078
9696
9698
34274
34276
1510
17900
9709
17901
34285
1518
9712
34289
26098
26100
9717
34293
17911
9720
34296
1529
26105
9725
17918
9727
34303
9730
9731
1540
9733
26118
34310
1543
26120
34312
1546
9738
17930
1547
17934
34318
9745
34321
17939
26133
34325
17942
26134
34326
17943
26135
1561
26138
9755
17947
1565
26141
17951
26145
34338
17957
34343
1581
9773
17973
34358
9783
34361
9786
34364
17981
9791
26175
26177
26180
17990
26187
34379
17996
1616
9808
34385
1620
9812
26196
9813
9815
18007
18009
34393
26205
34399
26210
9828
9830
9831
34407
1644
1645
9837
26223
34415
34417
9842
18034
34418
26230
9849
9851
34428
1662
26238
26240
18050
26242
9860
18055
9864
9865
1674
18058
26251
34443
1676
9868
26253
9870
18062
26254
9871
26256
34448
9873
18066
26259
9876
18069
26261
26262
26263
18072
26264
1693
26271
26274
18083
34470
1703
1704
18088
34472
1705
9897
26284
9901
18094
26287
9906
26290
18101
26294
1719
18103
9913
34489
1722
26298
26299
26301
1726
34494
26303
18112
18114
26306
34502
26313
9931
26317
18127
18128
26320
26322
9940
18133
26325
34518
18135
26327
34522
34526
1759
18144
34528
34530
9955
18147
26339
9960
1769
9961
1771
34541
18158
34543
18162
34546
26357
34549
18166
18170
34556
26367
18177
18178
34562
1795
9988
9991
1800
34568
9993
26378
9996
1805
26381
34573
34575
26384
18196
1814
26390
10008
26393
10011
18207
34591
1824
34592
10017
34593
34596
26405
1831
18215
10024
26409
34602
34603
34605
34608
18227
34611
18230
10039
1848
34617
18234
18235
34620
10048
18241
18242
10054
18246
1863
18247
26440
34635
1870
1871
34639
34641
18258
26450
34642
18261
18263
34648
18267
10079
26463
26464
18273
18274
18275
34659
10087
10088
34666
1899
18283
34669
1906
26483
10100
26484
34677
1910
1911
10103
1913
10105
26490
34685
26494
1921
34690
1923
1929
18313
1930
26506
1931
1932
26508
1934
1935
10132
26516
1942
10134
34710
1944
18328
10138
34717
26526
10143
10144
18337
1955
26531
1958
10151
34727
10153
1962
26539
1964
18348
10158
34734
34735
26544
34736
10163
18355
10165
26553
18364
10173
18365
26557
34751
18368
1986
10180
1989
10181
18373
26565
1990
18374
34758
26567
10185
26572
34764
1997
1998
2000
10194
2004
34772
26581
18390
34774
26583
34775
10200
2009
18399
26592
2017
26593
10210
18402
2019
26595
2020
2022
2025
34797
2032
18418
34802
34803
2037
18421
2038
34807
18427
34811
10236
2045
10238
2047
26623
34817
18434
18435
26627
34820
10245
18438
18439
18440
2058
26634
34828
34830
10256
34837
10263
18455
10264
2073
26649
34841
2075
26652
10269
10270
18463
10273
26661
2090
18474
18475
2092
18476
10285
18478
2095
26672
34864
10289
18481
10291
26676
26678
18490
2107
26684
26685
2112
26689
2114
26691
18502
34886
34889
26699
10316
26700
34892
10317
26701
26702
10320
2129
18513
26705
2130
26706
26710
2136
18520
18521
2139
10331
26715
34908
26717
34909
26720
10339
18532
34916
18535
18537
26729
18538
26730
2156
18541
26734
10352
26736
34930
26739
10356
18549
2168
10360
2170
2171
10363
2173
26749
18558
26750
26751
34943
10368
34944
10372
18564
18565
2189
10381
18574
2191
2192
18578
10388
18581
18582
34966
10391
2200
18584
18586
10395
2204
2205
18590
2207
26783
34976
18594
26786
18595
26790
2216
10409
2218
2221
26797
10414
18609
10418
18612
10421
18613
18614
10425
26811
2239
18623
10432
18624
35008
35009
2243
35012
35018
2251
18635
2252
18636
26828
10447
2257
18641
18642
35027
18644
10453
35029
26838
35031
10456
18648
26840
10459
26843
26844
18653
10464
18656
10466
2277
26853
10470
2279
18663
10474
2285
2288
10481
35059
26868
2293
18679
35063
10488
18681
26874
2299
26875
26876
26877
2302
10494
26879
2304
2305
10499
18691
26883
35077
10502
2312
2313
18697
2318
26895
2320
35089
10514
18706
26898
35091
18708
10517
2328
10522
35098
35099
18716
26908
10526
18719
26911
35103
26912
26914
2339
35110
26919
2348
26924
2351
35120
2353
10545
2354
35123
18743
10552
18744
26936
18745
26937
2362
35130
10556
10557
18751
18754
26947
10565
2375
2376
35149
18767
35155
2388
10580
18773
35159
10585
18777
2394
2397
18782
26974
26975
10592
35171
26981
18793
26985
2410
10603
18796
26992
2418
10610
35187
10612
18805
2424
27000
10617
10618
18810
2427
10619
2431
10623
2433
18818
18821
2438
35206
18823
10632
35208
18826
27018
2443
27019
35213
2446
18830
2447
2451
18836
10645
10646
10647
27031
27034
35226
27036
10654
35230
10655
35231
27042
35234
35235
27045
10663
27047
27048
10666
10668
27056
35248
35250
35252
35253
18871
35255
2489
35257
35258
2491
10687
18879
35264
18882
35268
2501
10696
27080
27081
10700
18892
10703
2513
27089
27093
27097
35290
2524
2525
27101
2528
35296
10721
18913
18914
18916
18917
10728
2537
18921
35305
18922
18926
2543
27119
2544
27124
2549
18933
27127
35319
18936
10745
35321
10746
27130
10748
27133
10750
2559
2561
27137
35330
18947
18948
35332
2565
18950
10761
18953
18954
35338
18955
35339
27148
35341
2574
27151
2576
18960
10769
18963
2581
35351
10777
2586
35354
18971
27164
35356
10781
10782
18975
27167
35359
35360
10785
2594
10787
18979
35365
27174
27175
35368
27180
27181
27183
10800
18992
27184
2609
27185
35377
2610
35379
2612
2614
18999
27191
35383
19000
10809
35386
2619
10812
10813
35393
27204
19013
10822
19014
19015
2632
2635
27211
27212
10829
10831
19024
27219
2644
35412
19029
35413
19030
19031
10840
27224
19036
19038
2657
2659
19043
2662
19048
2665
10857
2666
2670
2672
19056
10865
19058
27251
10870
19062
27256
19065
10880
2689
19073
27266
35458
10885
27270
35462
10889
27273
2699
35467
19084
27276
2704
10897
35473
2706
27284
27288
2713
19097
27289
35483
10909
19101
35487
27297
35490
10916
10918
19111
19113
27305
2730
2731
35502
10927
19120
19121
19125
27317
10934
10935
2745
10939
27323
19133
2750
19135
10946
35525
10950
19146
27342
35534
19151
19152
19154
19155
19156
10968
35544
10969
27353
35545
2778
27354
35548
19166
35550
2784
35552
27361
10978
19170
27362
2788
19173
2790
19174
35558
2792
10985
2796
10989
35566
10992
19184
35570
35577
27387
27389
11006
2817
19203
19205
35590
27400
2825
27404
2830
19214
35600
2834
2835
11030
19225
2842
11034
27420
35612
19230
27422
11040
27426
2852
19236
27428
2853
11048
35624
2857
19243
2861
11053
27437
11054
27439
2868
2870
11063
27447
27448
11065
35641
11066
35644
19263
2884
35656
27465
35657
27466
35658
35659
2892
2893
11085
11086
19279
27471
2897
11089
19281
35665
35667
2905
27481
19290
35675
11100
35676
2909
11102
35678
11104
11107
19304
2921
2925
11118
35695
2929
27505
35700
11125
27510
2935
27512
19321
35706
19323
27515
27517
35710
2943
27519
11139
35715
19332
11142
19335
2952
19336
27529
19344
2964
35733
35734
19351
11160
35736
27545
19355
2972
2980
11174
19366
2983
19368
27561
27562
2987
35755
11180
19372
11181
2990
35758
19377
2994
19378
11188
19385
19386
27578
3004
19388
27581
27585
27586
11205
19398
35782
19401
35786
11211
35787
35788
19405
11214
27598
35792
11218
11221
19414
35798
35802
3035
19419
11229
27614
27616
27620
11237
3048
35817
11247
19443
3061
19446
35830
19447
27643
35836
3069
35837
19454
27648
19463
27655
11272
3084
27660
35852
27661
27664
11283
19479
11290
19485
27677
19486
27678
27679
35872
11297
3106
11299
19491
3109
27685
3110
19496
27688
35883
11308
19500
3117
11311
35888
3121
19507
3124
27701
3127
27704
3133
11327
27711
19520
11329
11331
27715
3142
11334
3143
3145
11338
35914
27723
3151
19537
27732
3157
27734
19543
11352
35928
27738
35931
3166
27742
11359
11360
35937
11364
19557
35941
11366
11367
3178
3180
27757
11374
35952
11377
3186
19570
27762
3188
35958
11386
27771
27773
3198
11390
35966
11391
19585
27777
3202
35970
3203
19588
27780
27782
3208
11401
19593
27786
3211
35981
11407
27792
3217
11411
3220
11413
35989
35991
35996
11421
35999
3232
11425
19617
27810
3235
19619
27811
3236
11429
36007
36008
27818
3243
27821
36013
11438
27823
19632
19635
36020
3257
36026
27835
19644
36028
27837
3262
3264
36032
36034
3267
11460
19656
3274
19658
36042
11467
19659
27852
36046
3279
27855
19665
11475
3285
36053
27862
11479
27866
27870
36062
19679
36063
3297
27874
19683
11492
3303
19688
36076
27885
36078
3311
36079
11507
3316
27892
19706
27898
11515
36094
11519
19711
36095
11520
27904
3333
11525
11526
3335
19719
3336
27916
11533
3342
19727
3344
3348
11540
19735
27928
27931
3359
36127
27939
36131
19752
19753
27945
11562
3372
11567
36143
19760
27957
19769
11582
27966
36158
11583
3393
27969
36161
36162
3396
19781
36165
3398
27974
19783
27976
27977
36173
11601
11603
27988
3416
11609
36185
3418
19802
27996
19805
11617
3427
28003
28006
11623
36199
36200
28009
36201
11628
28012
36205
28015
36207
36212
3447
11641
36217
36219
3452
19836
36220
3453
19839
28031
19841
28033
3458
11650
3460
3461
36230
3464
11659
11661
28045
3470
19854
36238
36240
3473
36241
19861
11671
19864
36250
11675
19867
19868
36254
3487
19871
28063
3490
36259
28068
36261
28070
19879
28072
19881
36265
28074
3502
11694
11695
36276
11702
19898
36283
11708
3517
11710
28094
36286
19903
19907
28101
3527
19911
19916
3537
3539
3540
3541
11733
36309
11739
3551
19937
36321
11746
36322
3559
19944
11753
28140
3565
36335
11760
19952
3571
36339
11765
19957
28149
3574
3576
19960
36348
28157
28158
11775
36351
36353
3587
28163
36356
3593
28169
3596
11789
3598
19982
11791
36367
36368
19985
28180
11798
3607
3608
36377
19994
28186
36379
3612
28188
11805
11806
19999
36383
28192
36385
3621
28197
36392
11818
28202
28203
20012
20016
20019
28211
20020
28213
3639
20023
3640
11833
36409
11834
36410
28222
3647
20032
3649
3650
28227
28228
36421
11846
20041
3658
28235
36428
28241
20050
36434
28243
36436
3670
3671
28248
3673
3675
11867
3676
36445
3678
28254
3680
20064
28256
3681
36449
11878
11881
36457
11882
36459
11885
36461
20078
11889
36465
3699
11895
11898
3707
20091
11901
28285
3710
20094
20095
11904
11905
3714
36487
28296
3721
11913
20106
3723
20107
36493
28302
11921
36498
36499
28308
20119
36503
20121
20122
36506
11931
28315
28316
36508
3742
20126
36510
36511
20128
36514
11939
3748
3751
11943
20135
36519
36520
20137
36522
3757
3758
20142
3760
11952
3761
28337
36534
36535
20152
3769
36537
28346
3771
28347
28348
36540
20157
11966
3775
28351
20161
28354
36548
11973
28358
28359
20173
3798
20182
36570
11997
11998
12001
28385
12002
20195
3812
12005
20198
20199
12009
28393
20204
3821
20205
3822
12014
20207
36592
28401
3826
36594
12019
28403
28404
12021
12023
36601
12027
12029
20222
28419
12039
28423
36615
3848
28426
12043
20235
3852
12045
28431
36623
20240
28432
3859
20244
12053
28437
36630
36631
12057
3866
12058
20250
36634
3867
36635
28447
12065
20259
20260
36644
12070
28455
3881
36650
3883
12075
12076
20269
12078
20271
20272
3894
12086
3900
12095
20289
12099
12102
20294
36681
12107
3916
20303
12112
20304
36688
36689
12114
36690
3923
12115
28500
3925
3927
28507
3932
28508
36700
28510
36705
28518
20327
36712
3948
36717
3950
36720
3953
28530
3958
12154
3963
12155
20347
12157
36733
3966
28542
3967
28544
12162
12164
12166
20358
3977
12169
28554
20364
20368
36753
28563
20372
3991
28568
3993
28570
28571
3996
20380
36764
12190
36767
28576
4001
12193
20385
20387
36771
20388
28580
12198
36776
4009
12202
28586
36780
4015
28591
36783
28592
36785
12212
28597
36789
12215
28599
12216
28601
12218
12221
28607
28609
4037
36805
4039
20423
12233
12234
12235
4044
20428
12238
28624
12241
36817
28626
28627
20438
12247
4057
20442
36829
28640
4067
12259
4068
28649
20459
20460
36846
12272
20464
28657
4084
12278
12280
28668
4094
36864
4099
36867
36870
4103
12297
12298
28682
20496
4114
20499
20500
36884
20502
20504
36889
4122
20507
20508
4125
4126
36895
36897
20517
4136
4138
20522
36908
4141
20527
20529
36913
28723
12340
20533
28726
4155
12351
36927
4162
28738
4163
4166
36934
12361
12362
36938
12364
12365
28749
12367
20564
28757
36950
4183
12375
36951
12377
4186
36954
20572
12381
20573
36958
20575
28767
4192
36961
12387
20579
4197
20582
28776
20586
4204
28782
36975
12400
12404
36980
20598
4215
4216
12410
28794
4221
36989
20607
12420
36996
28806
20615
28807
12424
37000
20621
37005
12430
12432
28823
4249
37019
4252
4253
37022
12447
28833
28834
12451
4261
4262
28838
28839
4264
20649
37033
12460
4270
12462
37038
12463
37039
20656
28848
20659
4276
37045
4281
20665
4282
12474
4286
28863
4288
12485
28869
4295
37063
12488
37066
4299
28876
4301
20687
4304
37073
28882
12499
4308
20692
4311
12506
37085
12512
37088
28897
4323
4324
20708
28901
4328
37100
20718
20722
37108
28922
37114
12539
28923
37116
20735
4353
28929
28930
28931
28932
37124
20741
4362
37131
20748
28941
20750
20751
28943
20753
12565
37143
4378
4382
28959
37152
12577
12580
4393
37162
4395
4396
4401
4404
37174
4408
37176
4411
4412
20797
28989
4416
12608
20800
12611
4420
28996
37188
20805
20806
4424
29000
12617
4429
12621
20813
20815
12627
4437
37205
37206
4440
29016
4441
12633
20826
12636
37213
37214
29023
4448
37218
20835
29027
29028
20837
4454
4455
12647
20839
20841
4458
12651
20844
4463
20848
37232
29044
12662
37238
20856
4474
4477
12669
20861
12671
12672
12673
20865
29058
20867
4486
12680
12682
20877
37261
20878
12688
37265
37266
4500
4503
12695
29079
12698
29082
37275
4510
37278
12704
37282
4517
37286
37287
4525
37293
12719
29103
4537
20921
4539
12731
12733
4542
37310
4543
4544
4549
4550
4552
12747
29131
29133
4560
4561
29139
37333
29142
4568
29144
12761
29149
37341
29150
12774
20966
29158
4583
4584
12776
12779
12780
29164
29167
12785
29170
12791
37367
4602
37370
4603
29179
37371
4606
20992
29186
12804
20999
37383
12809
37385
4618
4619
12811
37387
21006
4623
29199
29201
4626
4629
21014
29206
37399
4633
4634
37403
12830
12832
29221
4650
21035
37420
12845
29229
4654
29231
12848
12850
21042
37426
21043
29237
4662
12856
37433
12858
37436
12861
29247
4673
12865
29252
37445
37446
4679
21064
21065
37449
37451
12878
37454
37458
37459
37460
4695
21079
37464
4697
37468
12893
12900
4710
4714
29290
12908
4717
37488
37489
29298
29299
12916
37499
12924
21116
29308
37500
21117
29310
12927
29312
37506
4739
12931
4740
4741
29322
4747
29323
21132
29324
37516
4749
21133
4753
21137
37522
12947
21139
12951
37528
4761
29339
12956
29340
37534
4768
29344
21153
29345
37537
4771
29347
4772
21157
29351
12971
4780
21164
37549
12975
21168
37552
21169
21172
21178
29371
21182
4799
21185
29377
21186
4803
37572
12997
37573
29386
37583
4816
4818
13010
29394
4820
21205
29402
4827
21212
29405
13025
37601
4837
37606
4842
21230
29423
29424
37616
4852
4855
29433
21242
21247
21249
4868
13062
29446
4871
4872
13064
29448
29449
13066
37644
21262
4879
21263
4880
29456
21270
13079
21271
29463
29467
13084
21277
4894
4895
13091
21285
13095
37672
21289
37674
4907
37679
4913
4917
13110
21302
29496
29498
4927
4931
21315
37700
37701
29511
4937
4939
21325
37711
21328
21329
21330
29523
13141
13143
37719
13145
21337
29529
13146
29530
21339
37724
4957
21341
37725
29535
37727
13152
21346
29539
21351
21352
21354
4971
37741
13166
4975
4976
21360
37745
21362
29554
21364
29557
21367
29561
29564
21373
13182
29567
21377
29571
21381
4998
37766
21384
21387
29580
13199
29587
29588
13205
21397
37784
37785
29594
37788
37790
13218
5029
21415
29607
21416
21417
37801
21418
29610
37802
13227
29611
37804
5037
13229
29613
37806
21424
29616
29617
21426
29622
21431
13241
29625
29627
13244
5055
13248
29632
37824
13249
21441
21442
37829
21446
37830
13255
37831
37832
5065
5066
5067
21451
29644
37836
13261
21453
29645
29647
5074
37842
29651
37845
13272
29656
5081
21465
29658
37851
21470
21472
37858
13284
29670
5096
29672
13290
21482
37866
21483
37868
29678
21493
37879
37880
29689
21498
37882
29693
37885
21502
21503
5123
13315
5124
5127
13319
21512
29704
37896
21515
29709
13327
21519
5136
13328
37904
29713
13335
37911
13336
21528
13337
29721
29723
29724
21533
29726
29727
37919
21537
5156
5157
37925
37927
29738
21547
37933
37934
37939
13364
29749
5177
21561
21563
37947
13372
5188
13381
29765
21574
13385
21579
29772
13390
21583
29775
37967
37968
37971
5204
37972
21591
5209
37978
13404
21597
13408
29792
5219
13413
37989
21607
21609
38000
13425
21619
29812
21621
5238
13432
29816
38009
38010
29819
5246
13439
29825
5250
38023
21643
29837
13454
29838
5263
21649
29841
38033
29842
29843
13460
29847
38040
21657
38042
13467
38045
13471
13474
5286
38057
13482
38058
38059
29868
5294
13487
21680
13489
21683
13495
21687
29879
21688
29885
5310
13504
21696
38080
5314
38082
21699
5317
21701
29895
13512
5321
13513
5322
13514
29898
5324
29900
38092
5330
29906
13524
38101
38102
13528
21722
29914
38110
38113
5346
38116
21734
5353
13545
5354
29932
38124
5358
21742
13551
38129
5362
21746
21747
38133
5366
5367
13559
21754
38140
5376
21761
5378
38146
21763
21766
38150
13575
38153
5388
21772
21774
29968
38161
13588
21782
29974
5399
5401
13594
5405
21790
38174
5407
13600
29984
21793
21794
38178
29987
5412
13605
29990
5415
5417
13610
29994
13611
38187
38190
38192
5425
30002
21812
13625
5436
13628
21822
21823
38207
30019
5445
5446
5447
30023
5448
5449
13642
5451
21836
5456
21841
21844
13654
30038
5463
13655
21847
21851
5472
13668
30053
13670
5479
13671
30057
5482
21866
13675
5487
21872
5489
13681
30070
5496
30074
30076
13694
30080
5505
30081
5507
30083
13702
21897
13706
21899
5516
30092
21903
13713
5524
21909
13721
30105
30107
5534
13726
13729
5539
13731
30116
30119
5546
13738
13739
5548
13740
21932
5549
5551
30127
30128
5553
13746
21938
30130
21939
13748
21940
5560
13755
21947
5564
21952
13762
21955
30148
5573
5576
30155
21964
5581
21965
21966
5584
5585
13777
5587
13779
21972
13782
21977
13787
30173
13792
21985
30177
5604
5610
30187
13804
21996
5614
21998
30191
5617
22002
5620
22005
5623
22007
30199
13820
22012
5629
5630
22014
5634
13826
30213
22022
13833
5642
13836
22028
22033
5650
30226
5652
5657
22041
13850
13851
22044
5661
13856
22050
22052
22053
22055
5672
5675
13868
22060
13869
30253
5682
30259
5686
13878
5688
13880
13881
5690
30269
13891
5703
30279
30280
13897
30281
5710
13903
30287
22099
13908
13910
5719
22107
30299
22108
13917
30305
30306
30307
5737
13930
5739
30318
13936
13940
30324
5750
13942
30328
5753
13945
22137
30332
22142
13954
5763
22149
5766
22150
30343
22155
22158
5775
5776
22160
30352
5779
13972
5782
13974
30360
5785
13978
13981
30366
22175
13985
5795
5796
5797
22184
22185
5807
30383
5808
14001
22193
5810
30387
5814
14007
5816
14012
5822
5828
14023
30407
30408
30410
30413
5839
22223
5842
22226
30420
22229
30421
14039
22235
5852
14046
22239
5861
14053
30438
14055
5864
14058
30444
22254
30446
14064
14070
30457
14074
5883
22268
22269
14079
14083
5893
30471
30473
22282
5901
30477
22288
5906
30482
30486
5913
30489
30490
14107
22304
5921
30497
14115
14117
5927
14119
5929
14122
22315
30507
22318
5935
5938
22325
30517
22327
30519
14136
30520
5946
22330
5947
30523
30524
22334
30528
22338
5955
14149
22343
22344
5961
22345
5962
5963
30543
5968
5969
22354
5972
5974
30555
30557
5984
30560
30566
22379
14189
22382
6000
30577
6004
22388
30581
6006
14198
30583
6009
6011
14206
14207
30591
6016
6017
14209
22406
14221
30613
14231
30615
22424
22428
22431
6057
22441
22442
14256
6065
22450
6069
30648
6073
6074
30651
14268
6077
14271
22463
22466
6087
14279
30663
6088
6092
30668
30669
30670
14289
22481
6098
22483
6101
22486
6108
22497
6114
6118
6119
30698
14315
6125
14319
22511
14322
22515
30707
14324
30708
30709
14327
6137
22521
30713
22522
22523
22524
14336
14339
14341
22533
30727
30728
6153
14345
30730
14351
30735
22544
30736
14353
30737
22550
6170
30747
6174
14366
6175
14367
22560
14374
22567
6184
6186
22572
14382
14383
22575
6193
30770
30773
22582
30777
14394
6204
6205
14399
6210
14403
14404
22596
30789
30796
14413
14418
22611
14421
30805
6230
30806
14425
22617
30811
14428
6237
14430
22622
22626
30818
22628
14438
14439
30823
30824
30828
6253
14446
14447
6258
14450
6259
30839
30843
14463
30849
6277
22662
6281
6282
14474
14475
22667
6284
30863
30864
6289
22673
30865
14483
14484
14485
6294
14486
14490
6300
6302
6303
6304
6305
22689
6306
30884
30885
30886
14504
30888
6314
14506
30892
6319
6322
6323
30899
22710
6327
22712
22716
14529
6340
22725
22728
22730
30922
14539
14541
30926
30929
6354
30930
6355
22739
30933
6358
22743
30943
6372
14569
6379
14574
22766
22767
22769
30965
6390
14583
6392
14586
30973
14591
22784
6407
14602
14603
30990
6415
30994
14611
30995
6421
6427
22816
22819
6441
31017
22826
6443
14637
22831
31024
22834
6453
6455
31031
6456
6458
31034
22845
6462
6463
31046
6471
31047
14667
14668
6478
31054
6479
6485
22869
31063
14680
14681
6501
22885
6506
6507
6509
31086
22895
6513
22898
6518
22902
14712
22904
31097
31100
31102
31109
14729
22928
31121
6546
6549
31125
14742
22935
31130
14747
14748
31140
6568
14760
14762
31146
22956
22957
14771
14772
22964
6581
31158
31159
31161
22970
14781
31166
22975
31167
22977
14787
22979
22981
31174
6601
31184
22995
14804
22999
31192
23003
6620
14814
31198
31199
6629
31205
31207
6632
23016
31208
31210
14827
6636
14831
23024
31217
14834
31220
14840
31224
31226
23035
6652
14844
14852
6661
23045
31240
6665
31245
23056
31248
6676
23062
6680
14875
31264
23074
31266
6697
6698
31275
31280
23093
31285
6710
6711
6712
23098
23107
31299
31300
14917
14920
23112
23113
23114
31306
23118
14927
14929
31317
14935
31325
6753
23138
31330
31332
14950
31335
6760
23144
6763
14955
31339
23155
6772
6775
6779
23163
6785
14977
31363
23172
6789
14981
14983
31368
31370
6797
14989
6801
6804
23189
6806
23191
31384
15003
6812
23198
23199
23202
6822
23207
15017
23210
15020
23212
6829
15025
6836
23221
6840
23224
6844
31421
23230
31422
15039
31426
31427
15046
31430
15047
23242
23244
31437
6862
6863
31439
15056
23248
6865
23250
23251
6868
15062
15063
15065
31449
31455
23268
6885
15078
31462
23271
15085
31474
31475
23286
15096
31481
23290
23292
31484
15104
23299
6916
6921
31497
23306
31498
15115
31499
31500
6925
15117
15118
31503
31504
6931
6932
15125
31509
15126
15128
6937
15129
6938
15132
23326
15139
15141
23333
31525
23337
23346
23348
15159
23351
31543
6971
6972
6975
15172
23364
23365
6983
15176
6985
6986
6989
15181
31565
31566
6994
23378
23381
15194
31580
23390
23392
31585
7014
23403
23405
7022
23407
31603
7031
23416
23417
15227
7036
23420
15231
23423
31616
7042
23428
31621
7046
23432
15244
23436
31630
23441
23443
7064
31640
31642
7067
23451
31645
31646
15263
23455
15266
23459
23461
7082
31660
15277
31661
15278
7087
31663
15281
23473
7090
23475
15284
7093
31669
7095
7096
31674
7100
15293
15294
23487
31681
23490
15299
23491
31684
7109
15301
15302
23496
15306
15308
7117
7123
31701
7126
15320
15321
7133
23517
7139
15331
23523
7141
31717
15334
31720
7147
23531
23537
31730
23541
31733
7158
7159
31735
15355
31741
7167
23551
31744
7169
31745
23554
31746
15363
31748
31753
23562
15374
7185
15379
15385
7195
15388
31772
7198
31776
23585
15394
31778
31779
7205
31786
7211
7214
15406
15407
31791
31792
7217
7219
23604
7221
23608
23610
23611
31805
7230
15424
7234
23620
15430
23622
7239
23623
7242
7243
31819
7244
23630
23633
15445
23638
7255
15449
31833
31834
7259
31836
15453
15458
15460
23652
15461
7272
7273
23659
15470
15471
31855
7281
7283
15476
23668
31861
31862
15479
15481
23675
7300
15492
7305
15502
7312
31888
7314
15507
31891
23700
15509
23704
23706
15519
23715
7333
23717
15527
31911
23721
15531
15536
31921
23730
31924
7351
15545
31929
7355
15547
31936
31940
23749
7370
31946
7372
15567
31953
31954
7380
31959
23768
15580
31964
7389
15581
15582
15584
23776
15585
7394
15587
23779
7396
31973
15590
23786
31979
23791
23792
7410
7412
15604
7414
23798
23800
31996
15615
31999
15616
15617
7426
7430
32010
7435
23821
32019
32021
7447
23831
7449
7450
23834
32026
15643
32033
7458
23842
15651
7461
23846
32038
15657
15660
32045
15665
15667
23859
15673
7482
32058
7483
15680
23875
7494
15686
23878
7496
23881
15690
7499
15691
7500
15692
32076
7502
15697
23889
32081
32083
23892
15702
7511
23895
23896
32089
7514
23900
32092
7517
15710
23903
15712
15713
7522
32102
32103
23913
7530
23917
32113
7540
15732
23924
32118
7543
32120
32121
32122
32124
15744
32130
23940
15750
32135
23944
23948
32140
23949
23950
32147
15764
7574
7576
7580
32159
7584
32160
7586
15780
32166
15784
7593
23977
23978
7595
15794
7604
23988
7605
7606
32182
7607
15801
32188
7613
32191
7616
32192
24001
15810
7621
24007
15818
32203
24014
32208
24017
7634
15828
15829
24021
32215
7641
15835
7644
32220
7645
15838
7648
24032
7650
15844
32228
7653
32229
32230
7657
15851
15855
7664
15856
15857
7667
24052
7671
32248
7675
32252
7677
32253
7678
15870
32256
32257
32258
15875
7685
7690
24075
7692
32268
32269
24078
7695
15887
32274
7699
24083
32276
15896
32280
15898
15901
7711
24099
15910
7719
32295
24105
32298
15915
7724
24108
7726
7727
15919
7730
15925
7735
32311
24127
15938
32324
7749
32326
24137
32330
7756
24142
24143
15954
7763
24147
15957
24152
15962
24155
15964
15966
24161
24164
32357
7782
32358
24167
7784
24170
15979
24173
7791
15987
24179
15989
32375
7802
7804
15996
32380
7805
24189
7807
15999
16001
24193
16004
7815
16007
32391
32394
7819
7822
32398
32399
24208
7827
32403
16021
32406
7831
16024
7833
7834
24220
16032
32416
7841
32417
24226
24228
16039
24235
7854
16046
16047
24245
24247
7865
32442
16061
7870
24254
7872
7874
24259
7880
32456
32458
32459
32461
7888
24273
16083
7892
32469
7894
16087
32473
24284
24287
7905
32481
16098
24292
16104
24296
7915
32492
16110
16111
24303
32496
7921
16113
7924
16116
7929
16121
32508
24318
7935
24321
16132
7943
24331
16141
7953
7956
24342
24343
32535
16152
7961
16153
32538
7963
7964
24349
7972
16167
16170
32554
24363
16173
16174
24366
16178
7988
7989
24373
24374
7992
32573
7999
16191
8000
32576
16194
8006
32582
8007
8014
16206
24400
32592
24401
8019
16211
8025
16219
8028
24415
8032
8035
16229
32614
8040
32616
24425
24427
16236
16240
32627
8052
24439
24440
32633
16250
32635
24445
8062
32638
8064
16257
8066
24450
32642
16263
8074
8079
16273
8085
16277
32663
8089
16281
24474
32666
32669
24478
16287
8097
8098
16291
32678
16295
8106
32682
24492
24495
16304
24499
24500
16312
16313
8122
32699
16316
16321
24515
8134
24518
16328
16329
16330
32714
24523
32715
24526
32718
8143
16336
32721
8146
24530
8147
16339
16341
8151
8153
8154
16346
8155
16347
32736
8164
32743
24553
16362
8171
32751
16368
8178
24564
24570
16379
24573
24574
9
0
224
432
178
442
284
477
14
143
