397
1026
3
5
8
2056
9
1035
2060
13
1040
2066
2069
24
26
1050
28
29
1054
2079
1056
33
1058
1060
2086
1064
1065
2091
1069
47
49
2097
2098
1075
54
1080
1084
2112
70
2118
71
2119
2120
1097
75
1103
1105
82
1106
2130
83
2131
86
2134
88
1112
2142
2144
97
100
2149
1126
2150
104
2153
2156
1135
112
1137
118
2168
2169
2171
1152
2182
1160
140
1165
2189
144
1169
2194
148
1175
1176
154
1180
2204
157
159
1183
162
1186
1188
165
1190
167
2217
1195
1203
2231
184
189
1213
2243
1228
205
2255
208
1233
1234
2259
215
216
1241
2267
1248
1249
1250
228
2276
1253
230
1256
1257
2282
1260
2286
241
2292
2293
1272
2297
1276
253
1280
257
1281
1285
263
267
1292
2316
2317
270
1294
272
1296
274
1300
2324
1301
283
2334
289
1315
293
2341
297
1321
298
1322
2346
300
304
1332
2362
316
319
2368
1346
2371
1353
2377
2384
2385
1370
2394
1371
2396
349
353
355
1379
356
1382
2407
2409
362
2413
368
369
2417
370
371
1395
372
375
2423
1402
1410
2434
389
2438
1416
2441
2443
2446
1426
1431
409
1436
419
423
424
429
1453
433
439
1464
1465
1466
1467
1472
450
456
1482
459
1483
460
1488
468
1493
471
1496
1498
1503
480
481
1507
497
503
1529
1531
1534
1537
518
523
1552
529
1554
543
1568
1571
548
1574
558
559
561
1588
1593
1614
597
601
1643
624
625
628
1653
1654
1657
634
638
1664
1665
642
1669
1673
651
1676
1685
666
1690
667
1691
1692
672
674
679
1703
681
1706
1710
1716
696
1720
697
703
704
1731
1738
1741
1742
727
1754
733
735
1759
741
742
749
1773
751
1781
1784
764
766
770
776
777
1805
782
1807
784
785
788
1814
1818
795
801
1827
804
1829
806
808
1836
1843
820
1845
825
1849
1850
829
1855
1856
836
1864
842
1877
858
1882
864
869
871
1899
876
1902
883
1911
1913
890
1915
1917
1928
911
912
1937
916
1941
918
1944
1950
1960
1965
943
1970
1975
1977
957
1984
961
963
1989
966
1993
1998
975
976
980
988
993
2018
1003
1004
1005
2033
1021
2047
18
96
1
161
34
101
6
134
8
73
138
107
48
112
18
19
86
122
125
