597
0
1027
4
8
9
1033
10
11
1035
12
1036
1039
1040
17
18
1043
20
22
1046
1049
1050
28
1052
1053
1060
1061
38
1062
39
43
1067
44
46
1070
1071
1073
1074
52
1076
1077
1078
55
1079
56
57
59
1083
1084
61
62
1088
1089
1090
67
1091
1092
1093
72
1096
73
1101
1102
1103
1104
1109
1110
1111
88
1112
1113
91
1121
98
100
102
103
107
1131
1137
1139
117
1141
119
1143
120
1144
123
125
1149
127
128
1152
1153
132
133
134
135
1159
137
1162
140
141
1167
1168
149
150
154
1178
155
1180
157
1181
158
1182
159
1183
1184
161
1185
1186
163
1188
1189
167
168
169
173
176
1200
178
1203
1204
1205
185
1209
1211
188
189
191
192
195
1219
197
198
1223
200
1225
1228
205
1229
1230
207
209
1233
1238
215
1239
218
220
221
225
226
227
1251
228
1252
1253
1255
232
233
1257
234
236
1260
1263
1264
241
243
1267
1269
246
251
1275
1276
253
1277
254
1279
1280
259
260
1284
265
1292
272
1296
273
1298
275
276
277
1305
282
1306
283
285
1309
286
1310
287
1312
290
1315
292
1316
1317
1322
299
1323
302
303
1327
305
1330
1332
1334
1338
315
1339
1340
317
1342
320
1344
321
1346
324
1349
326
328
329
1353
1354
332
1356
1357
1359
1360
1361
1362
341
342
1366
345
346
1370
347
1371
348
349
1375
352
1378
1379
356
1380
1381
359
1386
1387
365
366
1390
369
370
372
1396
373
1398
1401
378
379
380
1405
1406
1409
1410
387
1413
390
1415
394
1420
1423
1424
401
402
1426
403
1427
404
405
1429
407
1431
408
1434
411
1435
1437
1438
415
1441
1442
1443
1444
1445
1449
1450
1451
1453
430
1454
431
432
1457
1458
1460
437
1461
1463
440
441
1465
443
1468
445
1470
447
1471
1472
1474
452
1476
1477
1478
455
456
1480
458
1483
1484
1485
463
1487
466
467
1491
468
1492
1493
1494
1495
1498
475
480
482
1506
483
1508
1509
487
1511
488
1512
1514
494
1518
495
496
1521
498
1525
1526
503
504
505
507
1531
508
1532
509
510
511
1535
512
513
1537
1539
516
517
1541
518
1543
520
522
1548
526
527
1555
1557
535
539
1563
540
1565
542
1566
1567
545
547
1571
548
1572
1573
550
1574
551
1576
1579
561
1586
564
1588
566
1590
1591
568
1593
570
1595
1597
1599
1600
578
582
584
588
593
598
600
602
606
609
612
615
616
621
622
623
624
625
634
636
638
639
645
646
647
652
654
662
666
667
668
670
674
675
676
679
681
689
694
696
698
700
703
705
707
708
709
714
718
721
722
723
724
725
733
734
738
739
742
745
750
753
757
758
761
762
763
764
769
770
776
780
787
791
792
796
798
802
803
807
808
812
818
819
820
824
825
832
834
842
843
844
847
848
849
851
852
856
860
864
866
869
872
873
876
880
882
883
891
895
897
898
902
904
907
908
909
910
913
919
921
925
927
931
938
946
952
953
958
962
965
966
968
969
972
973
975
977
978
981
983
984
988
989
992
997
999
1001
1004
1009
1011
1020
1021
104
0
1
2
4
7
8
9
266
16
273
19
20
21
23
282
27
283
288
34
36
38
39
295
40
42
300
47
305
52
308
53
311
317
318
321
67
68
70
327
73
77
334
79
338
341
86
342
343
88
95
351
96
354
356
102
358
103
364
365
369
114
374
378
125
126
128
132
144
146
148
150
153
162
164
167
168
172
174
176
182
184
187
188
190
191
192
197
199
202
206
210
211
212
213
217
224
228
234
237
240
244
246
248
255
