262
2
3
2051
6
1030
1034
2058
15
2065
18
1043
532
539
545
547
1572
1061
550
554
1066
1578
45
558
1585
50
54
55
56
569
570
1082
571
1595
1086
1603
68
580
581
1095
1608
587
1106
1619
1108
87
600
1112
1624
1625
1114
604
96
1122
1125
102
1639
616
105
618
107
1643
1132
1644
1135
113
115
627
119
1144
1656
1145
634
635
124
1152
132
1156
1668
1671
136
1672
649
142
1679
1168
1170
1172
1684
149
665
1178
156
157
160
1185
674
1702
1703
173
1710
178
691
1715
1716
1720
1721
698
699
1214
1730
1220
1222
1735
716
1745
723
1748
727
1752
218
1245
222
1758
224
1252
1767
745
1769
234
747
1773
754
1781
250
1792
1281
773
1289
1292
1809
1812
277
789
1813
790
1303
1818
1307
1819
1820
1310
1822
1314
805
1318
1830
807
811
1324
1837
1326
1838
1329
819
1331
309
1845
1334
823
1339
1855
1344
1860
325
326
1350
1351
331
332
1356
1868
1359
849
852
343
1879
859
860
1884
863
352
866
1379
868
362
876
1900
1901
372
1910
379
891
383
1408
897
899
1412
1926
1927
1417
1427
1939
1428
1943
1944
412
1437
415
417
420
1956
933
1447
936
1960
942
1454
434
946
1974
439
954
1978
1467
446
1471
451
456
969
458
974
1998
464
467
980
1493
2014
479
480
2016
2018
2025
1002
2026
1517
498
2036
1013
1525
1527
1532
2047
15
0
32
98
71
135
8
44
111
83
149
119
56
122
94
158
