2969
1
4099
8196
5
8
4104
4105
10
12299
4108
8204
12300
4109
12301
12303
16
8211
12307
21
22
24
8216
12312
4121
26
8218
4123
8219
12315
28
4127
8223
12319
8224
12320
33
12324
41
8234
44
49
51
8244
53
4149
4151
4152
57
58
60
4156
4157
8256
66
67
69
71
72
8267
78
8271
4179
8278
4183
8279
89
4185
8283
94
8289
4196
4198
106
4202
4206
114
4212
117
4213
4214
119
120
121
123
8315
4224
8320
8321
4228
133
4229
4230
4231
8327
138
8330
139
8332
144
8338
147
4243
4244
4248
8344
4250
4251
4252
4253
8349
159
4258
4260
8357
8359
168
4264
170
8363
173
4269
177
4273
8369
178
180
8374
4279
4280
185
187
4283
188
8380
189
192
4288
8385
4290
4292
197
4293
8389
4295
8392
4297
202
4298
8395
8397
8398
207
4304
4305
4306
211
212
4308
8404
4310
8407
220
4318
223
8415
224
8418
228
8420
4326
8422
4328
8424
233
4330
4334
4335
8431
8436
245
4341
8437
4342
4346
4347
8443
4349
8446
255
4351
8447
4352
8448
257
4353
8449
260
8454
4360
268
270
8464
4369
4372
278
4374
279
8471
8472
8474
286
289
8483
8484
293
8485
8488
8489
299
8491
4397
4398
305
4402
307
8499
8500
4408
8504
314
315
316
4412
4415
8514
8520
329
4427
8524
4430
4431
8527
4432
4433
4434
8530
8534
344
4440
4441
347
348
4444
8541
350
351
8544
353
354
355
357
4453
359
360
4459
4460
4462
4464
370
4466
4467
8564
8565
8567
4472
4474
8571
381
4479
8576
385
4481
8578
4483
4485
392
394
4491
4492
8588
8589
400
401
402
4498
404
8596
4504
8600
409
4505
8601
4507
4508
4509
8605
414
4510
4511
4512
417
4513
4514
419
420
421
8615
425
8617
428
8620
4525
8621
431
4531
8627
437
8629
8630
4535
8631
441
4541
447
4543
448
8640
4545
450
8645
454
4550
8647
457
4553
459
8651
4556
4558
8654
463
467
4563
469
4566
4567
473
474
478
4576
482
4578
483
8675
8676
487
488
4584
489
4585
490
4586
4587
4588
4589
8685
4590
495
8691
500
502
4598
8694
503
4599
8695
504
4600
8700
512
8705
8706
8707
516
4612
519
4615
520
4617
8713
8715
524
4620
8717
526
8718
528
530
8722
4628
8725
4632
4636
8735
545
4641
546
8740
549
552
4649
8745
4650
4651
8747
557
8751
561
563
8756
566
8759
569
4665
570
4670
576
577
8771
4677
585
4681
8777
587
4684
4686
8782
591
8784
595
8787
4693
4696
602
8798
4703
8801
4707
8804
4711
4712
617
4714
8811
4716
8815
624
625
8818
629
8822
4727
8823
633
4729
4732
4733
8829
4734
8833
644
8836
4741
8841
4746
8845
656
8848
658
4757
663
664
8860
669
671
672
673
674
4771
4772
4773
8869
8871
8873
682
8877
686
4782
4786
8883
692
8884
4789
8892
704
4802
4803
8899
8900
709
8902
711
713
714
8906
715
8908
8911
4816
4819
8915
725
4821
729
730
4826
4827
8926
735
736
4832
739
741
4837
8933
742
745
4841
8938
747
748
749
4847
8943
752
4848
4849
8947
756
4853
8952
761
4857
4859
8955
8956
768
769
771
773
8966
4871
4872
4873
4875
4876
8972
781
4877
8974
8975
784
8976
4882
8981
790
4886
8982
4887
4888
8985
794
4890
8987
4892
4895
800
8992
8995
805
8998
808
809
4905
9001
4906
812
4909
9005
4913
9009
818
821
9013
4919
4920
9018
831
4927
9023
4928
9024
4929
836
4933
4934
4936
4939
846
9039
849
850
4946
9042
9045
854
855
4951
9047
857
9049
858
859
9051
860
9052
9053
4958
865
9057
866
4963
868
869
9061
4967
872
4969
9065
4974
4975
4978
9074
9078
9082
9083
892
9084
893
894
4990
895
896
9090
902
4998
5001
9100
5005
9101
5007
9103
5010
915
5011
5012
9108
919
9113
923
9115
9116
9117
9119
9121
9124
933
9125
935
5031
9127
5035
5040
9136
9137
5042
5043
5044
5045
5047
5050
9146
955
5051
956
5052
5054
5055
9152
963
5061
5062
969
5066
5067
9163
972
974
978
5074
5075
9171
5076
9173
5078
983
5083
9180
990
991
992
9184
9185
995
9190
5095
1000
9193
1002
5098
1003
5099
9195
9196
9198
1007
5105
5110
1015
1016
5112
1020
9212
9213
5118
5119
5120
1025
5122
1028
1032
1034
5130
9226
1035
1037
5133
9233
5142
9241
1053
9246
1055
5152
9248
5154
9251
1060
1066
9260
5165
9261
5166
1071
9263
1073
5170
9266
9268
5174
5176
5178
9274
5179
9277
5182
9278
5183
1089
9284
1095
5194
1100
1101
9293
1102
9294
5200
5202
9301
9303
1112
9304
9305
1114
9307
9308
1117
9311
5216
1122
5219
5220
1126
5222
9327
1138
5234
9331
5237
1143
9335
9337
5242
5243
9341
1150
1152
5253
5254
5255
1160
5256
9353
9354
9355
5260
1166
9358
1167
5263
9359
5264
9361
1170
9362
5267
9364
5269
5270
1180
5278
9375
5281
5282
9379
1188
5284
9382
1192
1193
5289
9385
1199
5296
1201
1203
9395
1204
5300
5301
1207
1208
5305
9401
5307
1212
5309
1214
9408
1217
9410
5316
9413
1222
5320
9416
9417
5322
5323
9419
5327
9427
1236
5332
9431
5336
9434
5340
9436
1247
5344
9440
9444
5350
9446
5351
9447
5354
1259
5355
9451
9456
1265
5361
9457
5362
9458
9459
1268
9460
9462
9463
5369
1279
5375
5376
5379
5381
9479
1289
5385
1290
5386
1291
1292
5388
9484
5389
9486
9487
5396
1301
5398
1303
1304
5402
9500
1309
5406
1311
5408
9506
1316
5412
9508
5413
5414
1320
5416
5417
9513
5418
1323
5420
9518
5425
9523
5428
9524
1334
1335
9529
1338
5434
1339
5436
9532
1341
5440
9538
5443
1350
5447
9543
5452
5454
9550
5455
1361
5457
5458
9557
1366
5463
9560
9561
1371
9565
9566
1375
9567
9568
9569
1380
5478
5479
9575
9577
1387
5486
1391
5490
1396
9589
1399
9595
9596
1407
5503
9600
5505
9601
9602
5509
5510
1415
1416
9608
1418
9610
5520
1426
1431
1432
9624
5530
1436
9628
1437
1440
5536
9632
5537
5538
9635
1444
9636
5541
9640
5549
9645
9646
5552
5553
1459
5559
9655
9657
5562
5564
5565
9661
9664
5569
1474
1476
1477
5573
1479
5575
9673
1482
9681
9682
5587
9683
9684
5591
5592
5597
1503
9697
5602
9698
9699
1509
5605
5606
9702
5607
9703
5609
1514
1516
9710
9712
9714
9716
9717
1526
1527
5624
9720
9723
9724
9726
5631
1536
9729
5636
1542
5638
5639
9735
1546
9738
5643
1549
5647
5648
9744
9745
9746
1557
9754
5659
5662
1569
1572
5671
9767
1576
5674
5675
9772
5677
9774
1584
5680
9776
5681
1586
5684
1591
5689
9785
5690
9786
1595
1596
9788
5695
1602
1603
5699
9795
9798
5703
1608
5707
9803
5708
9806
1618
9811
5717
5718
5719
5720
1625
1628
9820
1634
1635
9828
5733
1640
9832
1641
5738
9834
9835
1645
5741
9838
9840
9841
5750
1657
9850
9851
5757
5758
9854
9855
1664
9856
9857
5763
5764
1670
1671
9863
1672
5768
9864
5769
9865
9869
1678
5777
1684
9876
5784
9883
5790
9887
5794
1699
1701
5797
1702
1709
9901
9903
9904
1714
9906
1719
5816
1721
9914
9915
1724
1726
9918
5826
1735
9927
9928
1737
5833
9929
5834
9930
9933
9934
9936
1745
5841
1746
5842
1748
5844
5847
9944
9945
1754
1756
5854
5856
1761
5857
5859
5860
9957
1768
5869
9965
9966
5871
9970
1779
1780
5877
9973
5881
9979
5884
1790
9983
5888
1793
9985
5890
9987
1796
9990
5896
1807
9999
1808
5906
5907
5908
5909
5911
10009
5916
10012
10014
5919
10016
1831
5929
10025
1834
1837
10031
5936
10032
5938
1844
10037
10038
1847
10039
5945
10042
1851
5947
1853
10045
5950
1855
10048
5953
10049
1858
5954
1859
10051
5958
10054
10055
5962
5963
1868
5969
5970
10066
1875
5973
10069
5974
10070
1879
5975
5976
1885
5982
1891
1892
1893
5989
10085
5991
1896
10089
10090
5997
10095
1904
6002
1907
10100
10103
6011
1916
6012
6013
10110
10111
10113
1922
6018
1923
6021
10117
6022
1928
6024
6025
10121
10122
1932
6028
10126
1937
6033
10132
6038
1943
6039
1944
10137
10140
6047
1952
6050
6055
10153
10156
10160
10162
10164
6071
6076
6078
1984
10176
10177
6082
1987
6085
6087
10185
10186
10187
1996
10189
1999
2000
10193
10195
2004
10198
10202
2011
6107
10206
6111
6112
10210
6118
6119
10215
2024
2025
10218
6123
10219
2028
10222
10223
6129
2034
6130
6133
6134
2039
10233
10234
6139
2044
6140
2047
6144
2049
6148
2053
2054
6150
6152
2059
10251
2060
6156
10252
10255
10256
2066
6165
6167
2073
10265
2076
2077
6176
10272
10274
2083
6180
2085
2086
6182
2088
10282
6189
6190
2095
6193
10289
6196
6198
10294
6199
6201
6205
2110
10304
6212
10309
10314
10316
2125
6221
2127
10319
2128
6224
6225
6226
6227
2132
2133
2135
6231
2136
6235
10333
2142
6239
2147
10339
10340
2151
10344
2156
10349
6254
2160
6257
2162
6259
10356
6261
10357
6262
10358
6265
6266
2171
10365
2174
6271
2176
6272
6275
10374
10375
10376
10378
6283
6284
10380
2189
10382
6291
2196
6293
10389
2198
2199
10392
2202
2204
10400
2209
2210
10402
2211
6307
6310
10410
2219
6319
10415
2224
6326
10423
6328
10425
10426
2235
6331
6332
6334
2239
6336
6337
2242
6338
10434
6339
2245
10440
6346
2251
6347
10444
2253
2255
10447
2259
2261
6359
10456
2265
10457
10458
10460
10462
2271
10463
6368
10465
2275
2276
10468
10469
10470
6376
10474
2283
6379
2287
6384
2289
10481
2291
6387
2292
2293
10485
6391
6392
10489
6394
6395
10491
2303
10495
6400
10496
2305
6402
10498
6403
2310
10502
6407
6408
6410
6411
10509
6414
2321
6417
10513
6418
10514
6419
2324
6420
2325
10518
6423
2331
10524
2334
10526
10529
6434
10530
6437
2342
6438
6439
10535
2344
6440
6441
6442
2347
10540
2349
6445
2352
6448
2353
2354
10546
2355
6451
2356
6453
2359
2360
2363
6460
2369
6466
10562
2371
6470
6471
6473
2378
6476
10572
6478
6479
2387
6483
10580
6485
6487
6488
10584
2395
2396
2397
6493
10590
6495
6498
2403
6501
10597
10598
10599
2409
6506
10603
6508
10605
10608
2417
2418
6514
10612
6518
10614
10617
10619
2429
2430
10622
2434
6530
2436
6533
2438
6539
10636
6543
2448
6547
2454
2455
2456
6553
10649
10652
2461
6557
6558
2464
6560
6561
10657
2468
6564
10660
10662
6567
2472
6568
10666
10668
10669
2479
6575
2480
6577
6579
10677
10678
2487
10680
2490
2492
2494
10686
2495
10688
10692
2503
6599
10695
6602
6608
10704
2513
6609
6610
10706
10708
10709
2518
2519
10712
6617
10713
6618
10714
2523
6620
2525
6624
6625
2530
6632
2537
2539
10731
6638
2543
10735
2544
6640
6641
6643
2549
10741
6646
10742
2555
6652
10748
10749
2558
6654
6655
10751
10753
10754
6659
10755
6661
10757
6662
6666
6669
2574
6670
10767
2576
10770
10773
2582
10775
2584
10777
2591
10784
6690
10787
10789
6694
6696
2601
6697
2602
2604
6702
10802
10804
6709
10806
2618
6714
6715
2620
6716
10812
6718
2626
6723
6725
2630
2631
2634
2637
6733
6734
2641
10833
10838
10839
10841
10845
6751
10847
10849
2658
2660
6756
2665
6763
6764
10861
6766
2671
6768
10866
2677
6773
10870
10871
6776
6778
2683
10875
2684
10876
2685
10878
2689
10883
10886
6793
10890
10892
10897
2707
10901
10902
10903
10904
6809
6810
10906
2715
6812
2717
2719
10912
6819
10915
6820
2726
6823
2728
6825
10921
2730
6828
6829
10926
2736
6832
10929
10930
6838
10936
2746
2748
6844
10940
2752
6848
10945
10946
6852
2760
2761
2762
6858
2763
2765
6861
2766
6865
10961
2770
6866
2773
2776
10969
6875
10976
2785
10977
6886
10982
10983
2795
2796
10989
10990
10991
2800
6899
2804
10996
2806
6903
11001
6906
2816
2820
11014
6920
11016
2826
11018
6925
2831
11023
6930
11027
11028
6934
11030
11032
11033
11034
6939
11036
2846
11038
2848
11042
2851
6949
11046
11048
2857
11049
6954
11050
6955
6957
2862
11054
2863
2864
11057
6964
2870
6966
11062
6969
11065
6971
6972
2879
11071
2881
11074
11075
2884
11076
6982
11079
6987
11085
2894
6990
11086
11087
11090
6995
2900
11093
6998
2904
7001
11098
7003
2908
2909
7005
2911
7008
7009
11105
2914
2919
7015
7016
7020
11116
2925
7022
2927
2928
2929
2938
7035
2940
7038
11134
11135
7040
11136
2945
11137
11139
2948
7048
11144
11146
11148
2957
2958
2961
2963
2965
2967
2968
2970
7067
11163
2972
2973
11165
7071
11169
2978
7074
2982
7079
11175
7080
11176
7082
2989
7085
11181
2990
7087
11183
7088
11187
2996
11190
3000
7097
7099
11196
7101
3007
7103
7107
7109
11207
3016
11209
11210
3019
3020
3022
7118
11214
7119
11216
3025
3026
3027
7124
3030
7126
3032
3033
11226
3038
7134
7142
3047
3049
7145
11243
7148
7151
11247
3057
11249
3058
7155
7157
3062
3066
11262
3071
3073
7170
3077
7173
7176
3081
11275
11277
7182
7183
11279
7184
3090
3091
7188
11285
7190
7191
11287
11289
7196
3101
7198
7199
11297
7202
7205
11301
3110
11302
7207
11306
11307
3116
11309
7214
11312
11313
3123
7222
7223
3128
7224
3129
11321
11322
7227
3133
7230
7231
3136
11328
3140
7236
3141
7237
11333
3144
7240
11337
3146
7243
7244
3149
7246
11344
11346
3155
11347
7252
7255
3160
7256
11352
11353
7258
11356
7262
11358
3168
3171
3172
7268
11366
3175
3179
3181
3183
7280
7284
11380
3189
7285
7287
3193
11386
7291
11392
7297
11394
3203
7300
11396
7301
3215
7311
7313
3219
7316
7318
7319
11415
3225
7321
11418
11419
7324
7325
11421
3230
3231
11424
7329
7331
11428
11429
3238
3240
3241
11433
3242
3245
7342
3247
7343
3248
7346
3251
11443
3253
11445
3254
7350
7355
11452
11453
3262
7358
11454
11456
3266
11458
3267
7365
11461
7367
11465
11468
7373
11470
7375
3284
7382
3291
11483
7388
3294
11488
3297
3298
7394
7398
11494
3303
3307
11499
3308
11501
7407
3312
3313
7410
3315
7411
11507
3317
11511
7416
7417
11514
11516
11518
3328
11522
3332
3334
11526
11527
3336
11530
7435
7436
11532
7437
3342
7438
11534
11535
11536
3345
11537
3346
7442
11538
7443
11540
7446
11546
11548
11552
3362
3363
11555
11556
11558
3371
7468
11564
3378
7474
7475
3385
11578
3387
7483
11579
11580
3389
11581
7486
11585
7490
3396
7492
7494
7495
7499
11595
7501
7505
3410
7507
11603
3413
11605
7510
3415
7512
3419
7517
3422
3423
7519
11617
7522
7523
3429
7525
11621
3431
3432
11626
3436
3439
3440
7538
11635
3444
7540
7541
11638
7543
11639
3448
11641
3450
7546
3451
7549
11645
11646
3456
11648
11649
3459
11651
3460
3461
7557
7562
11659
11660
7565
11665
11666
7571
11667
7575
11671
7576
3481
7578
3484
11676
11679
11682
3491
11684
3494
11687
3496
3498
11692
3502
11695
3504
11698
3507
11699
7604
11700
3509
3512
7608
7610
7612
7613
11709
7614
11710
3520
3521
11715
7620
3525
3526
3527
7626
11722
7627
3532
7629
11727
7632
3537
11729
3540
7636
7640
3547
7644
11740
7645
11741
11742
3551
3553
3554
3555
3561
7658
11754
7659
11756
3566
7662
7664
3572
7669
11765
7670
11767
7672
7673
3581
7677
11774
3584
3585
11778
11780
7685
7686
7687
3592
7688
7691
3601
3605
11797
3607
11799
7704
11804
3613
7711
7713
3618
11813
11816
7721
7722
3628
3632
11824
11825
7731
11828
3637
3638
3646
11840
3654
3656
3659
7755
3662
11855
7762
11858
3667
7763
3673
3674
11868
3683
7779
7780
3689
11882
3693
7790
3695
7791
11888
3698
7795
11894
11896
3705
3707
3714
11907
7812
3717
3718
7814
11911
7818
7821
3726
11919
7824
3730
7826
7827
3734
11926
3736
7832
3737
7833
11929
11932
7837
11933
11935
3746
7842
3747
3748
3749
3752
11944
3753
3754
3755
11948
3757
11949
7854
11951
7857
11953
3762
7859
3766
7864
11960
3770
7866
3771
7867
7871
7873
7874
7875
3781
11973
11975
3784
7880
11976
11981
11982
3791
7888
3793
11990
3800
11993
7900
11996
11997
3809
7905
7907
3815
3816
7914
12010
12011
3820
3821
12013
7918
12016
3825
12017
7923
7925
12022
3831
12024
7929
3838
3840
3841
7938
3843
3844
3850
7946
3851
3852
7948
7949
12045
3854
3855
12048
3859
3861
3862
7958
3866
12058
7963
12059
3869
3870
12062
3874
7970
12070
7977
12073
12074
3883
7982
12078
3888
12080
7985
3890
3891
7987
7988
3893
12085
7990
12086
7992
3897
7993
12089
3899
12092
12095
12097
8003
3908
12100
3912
3913
3914
8012
3918
12114
12116
12117
3929
3931
3932
8029
12125
8032
8033
3938
8034
8035
12132
8038
12134
12135
8041
3946
3947
8043
8044
12140
3949
12141
3950
8047
3952
3954
8050
12146
12147
3960
3963
12155
12156
3965
12157
3968
3970
12162
12163
3974
8071
3977
8075
3981
8079
12177
8082
8086
3991
12183
3992
3994
12186
3996
8093
12190
8096
12194
8099
12196
12197
8105
12201
4010
12202
4011
12203
8109
8111
8112
8115
12213
4022
12214
12217
4026
8122
12218
12219
4029
4031
8130
12226
4035
12227
8133
4038
8135
12231
4040
8136
4041
8137
8138
4043
4044
8141
8142
12241
12242
8147
12244
4054
8150
4056
4059
8155
4060
8157
4062
12254
8160
8163
4068
8165
8166
8168
8169
4074
8170
4079
8175
12271
12272
4081
4083
8179
4085
4086
12278
8183
12279
4088
8184
4090
12283
12285
4094
8190
8191
18
0
320
257
195
164
73
106
143
335
210
83
276
53
22
374
281
189
349
