792
2049
2050
2051
5
6
8
2056
9
2059
14
16
2066
2070
2071
26
30
2079
2082
42
43
2094
2095
52
57
2108
2115
68
2117
2120
2124
2125
2126
2128
2129
83
2137
2139
93
2143
2144
2145
98
102
2151
104
105
2155
108
109
2158
115
2164
119
120
122
2171
124
125
2173
2176
133
2181
135
2185
138
2186
2187
140
142
143
144
146
2195
149
2197
2200
2201
155
2205
2207
160
162
163
165
2214
2215
169
2217
170
2218
171
175
2226
2227
181
2230
183
2231
2232
186
2235
190
191
195
2245
198
201
202
2253
2255
214
2264
217
2265
219
2267
2269
223
2271
225
2275
228
2276
230
234
2282
238
239
2287
240
2290
244
2292
245
246
2294
2295
248
2296
249
252
255
2303
257
2305
2306
2307
2309
263
2311
2312
265
2313
267
2315
268
2317
270
2319
275
2326
279
2327
280
2328
2332
285
2333
2335
2337
2338
291
2339
2340
295
2343
2346
2349
302
2351
2354
311
2361
315
317
2365
2366
2369
2372
2373
326
330
2379
332
2381
336
337
2386
2388
341
2394
2395
349
350
2399
352
2403
359
2409
363
2412
365
2413
367
2416
371
373
376
378
379
2430
384
385
2436
390
2439
392
395
2444
397
398
2447
2448
2453
406
2455
412
2461
2465
2467
422
2470
2473
2474
2475
428
429
2478
432
434
2482
2484
2485
440
2488
441
2489
2490
446
2494
2497
450
2499
452
2500
453
2502
455
2506
459
2507
460
461
2510
2511
2512
465
2513
2514
468
2516
470
472
2520
473
2521
2522
2523
2524
477
478
2526
2529
482
483
484
2532
2533
487
488
489
490
491
493
2541
494
2543
2544
497
2546
499
501
2550
2553
506
508
509
2559
2561
514
515
2563
2565
519
2567
2569
531
2582
535
2586
539
2588
541
2589
542
548
552
554
2603
557
559
564
572
2623
577
579
583
590
591
594
596
597
601
602
612
613
617
618
624
625
626
629
631
633
638
646
647
649
652
653
655
656
661
662
668
669
670
672
673
674
675
680
684
688
690
691
692
694
698
707
708
712
713
714
715
720
725
727
730
731
735
736
738
739
740
744
745
746
749
753
760
761
764
766
768
769
776
777
783
786
787
796
799
802
807
808
812
813
817
819
823
824
825
826
830
835
837
843
846
852
853
855
860
864
867
869
872
876
877
880
884
888
892
895
899
904
910
920
923
926
928
932
936
940
953
955
956
957
961
962
968
970
975
979
984
986
990
993
994
996
997
998
1001
1002
1007
1009
1012
1018
1027
1028
1034
1036
1037
1043
1047
1048
1056
1062
1063
1066
1088
1089
1092
1093
1096
1099
1101
1102
1103
1107
1109
1112
1113
1121
1130
1134
1137
1139
1141
1142
1143
1144
1146
1147
1149
1150
1153
1159
1163
1164
1177
1178
1181
1186
1189
1190
1192
1199
1206
1207
1208
1215
1220
1221
1225
1226
1228
1229
1230
1239
1245
1246
1248
1249
1253
1254
1263
1264
1266
1278
1280
1288
1290
1294
1306
1307
1308
1309
1314
1317
1320
1322
1331
1335
1340
1342
1343
1344
1346
1353
1356
1357
1360
1362
1374
1377
1381
1396
1399
1400
1402
1411
1412
1414
1421
1426
1429
1434
1435
1441
1442
1445
1448
1449
1453
1458
1460
1461
1463
1464
1465
1466
1470
1474
1475
1477
1482
1484
1485
1492
1494
1499
1500
1502
1503
1505
1510
1511
1513
1516
1517
1518
1519
1520
1521
1528
1530
1537
1539
1550
1552
1557
1562
1564
1565
1570
1571
1575
1582
1584
1585
1589
1592
1594
1596
1600
1602
1604
1608
1613
1619
1622
1627
1628
1630
1637
1643
1649
1650
1654
1655
1656
1659
1661
1663
1666
1669
1677
1681
1686
1688
1691
1692
1694
1695
1696
1703
1704
1706
1712
1714
1717
1718
1721
1723
1728
1729
1731
1732
1733
1736
1739
1740
1741
1743
1760
1764
1765
1767
1771
1773
1776
1779
1780
1783
1784
1788
1791
1793
1794
1795
1796
1797
1803
1808
1810
1811
1816
1818
1825
1828
1832
1834
1837
1840
1842
1843
1844
1849
1854
1855
1856
1858
1860
1863
1867
1868
1869
1870
1876
1877
1887
1891
1892
1896
1900
1901
1910
1911
1916
1918
1921
1922
1924
1928
1929
1939
1952
1959
1961
1963
1964
1965
1968
1972
1974
1987
1988
1992
1993
1994
2001
2006
2007
2012
2022
2028
2037
2039
2041
2045
2046
25
131
5
134
7
72
78
81
146
83
20
84
23
28
157
32
96
99
41
107
46
110
56
57
122
123
